Security Wise Delivery Position - Compulsory Rolling Settlement
10,MTO,18102024,1124899511,0002515
Trade Date <18-OCT-2024>,Settlement Type <N>
Record Type,Sr No,Name of Security,Quantity Traded,Deliverable Quantity(gross across client level),% of Deliverable Quantity to Traded Quantity
20,1,0MOFSL27,N3,165,165,100.00
20,2,1003ICCL28,NX,10,10,100.00
20,3,1003ISFL28,N4,544,524,96.32
20,4,1015ECL29,NR,2512,2512,100.00
20,5,1018GS2026,GS,2602,2601,99.96
20,6,1025ICCL26,NT,10,10,100.00
20,7,1025NFL25,N5,214,125,58.41
20,8,1025SCL34,Z8,15,15,100.00
20,9,1025SCL34B,N1,40,40,100.00
20,10,1035UCL24,N6,95,95,100.00
20,11,1040UCL25,N4,5,5,100.00
20,12,1050IIFL29,ND,10,10,100.00
20,13,1050NFL26,N7,1981,1980,99.95
20,14,1050UCL25,N7,80,80,100.00
20,15,105UCL2026,NB,10,10,100.00
20,16,1060ECL29,NS,25,25,100.00
20,17,1065NFL27,NC,782,682,87.21
20,18,10CAGL27,N5,20,20,100.00
20,19,10IIFL28,N4,612,512,83.66
20,20,10IIFL28A,NE,150,150,100.00
20,21,10IIFL29,N6,180,180,100.00
20,22,10NIDO26,N6,96,96,100.00
20,23,10SCL30A,BV,12,12,100.00
20,24,1102NFL26,N8,350,350,100.00
20,25,1119NFL27,ND,314,314,100.00
20,26,1190VCCL26,N0,1,1,100.00
20,27,11DLSL25,NV,5,5,100.00
20,28,360ONE,EQ,1002832,630690,62.89
20,29,364D020525,TB,100,100,100.00
20,30,364D030425,TB,1000,1000,100.00
20,31,364D040925,TB,300,300,100.00
20,32,364D080525,TB,300,300,100.00
20,33,364D091025,TB,100,100,100.00
20,34,364D150525,TB,900,900,100.00
20,35,364D190625,TB,9000,9000,100.00
20,36,364D310725,TB,100,100,100.00
20,37,3IINFOLTD,EQ,682305,330753,48.48
20,38,3MINDIA,EQ,4513,2518,55.79
20,39,563GS2026,GS,1,1,100.00
20,40,5PAISA,EQ,683445,203534,29.78
20,41,63MOONS,EQ,524922,188877,35.98
20,42,654GS2032,GS,22,22,100.00
20,43,664GS2035,GS,4600,4600,100.00
20,44,667GS2050,GS,10100,10100,100.00
20,45,679GS2034,GS,1,1,100.00
20,46,68GS2060,GS,2,2,100.00
20,47,697GR2034,GS,100,100,100.00
20,48,699GS2026,GS,69100,67100,97.11
20,49,702GS2027,GS,100,100,100.00
20,50,704GS2029,GS,4900,4900,100.00
20,51,706GS2028,GS,2850,2850,100.00
20,52,709GS2054,GS,7600,6600,86.84
20,53,710GS2029,GS,3508,3108,88.60
20,54,716GS2050,GS,52,52,100.00
20,55,717GS2030,GS,85524,85524,100.00
20,56,718GS2033,GS,5900,5000,84.75
20,57,718GS2037,GS,33640,24140,71.76
20,58,71GS2034,GS,5600,5000,89.29
20,59,723GS2039,GS,1,1,100.00
20,60,725GS2063,GS,604,601,99.50
20,61,726GS2032,GS,58865,58865,100.00
20,62,726GS2033,GS,117,117,100.00
20,63,727GS2026,GS,100,100,100.00
20,64,729NHAI26,NC,7,7,100.00
20,65,732GS2030,GS,20400,20300,99.51
20,66,732IRFC25,NI,516,516,100.00
20,67,733GS2026,GS,10460,10460,100.00
20,68,734GS2064,GS,2377,2377,100.00
20,69,736PFCL28,N2,250,250,100.00
20,70,737GS2028,GS,400,400,100.00
20,71,737NTPC35C,NA,1,1,100.00
20,72,738GS2027,GS,209029,209029,100.00
20,73,738REC27TF,N2,11,11,100.00
20,74,739NHAI26,N8,87,87,100.00
20,75,73GS2053,GS,26375,26375,100.00
20,76,741GS2036,GS,76003,76002,100.00
20,77,743REC35,NH,30,30,100.00
20,78,746GS2073,GS,2000,2000,100.00
20,79,74GS2035,GS,1,1,100.00
20,80,74GS2062,GS,4816,4000,83.06
20,81,750IRFC35,NK,540,540,100.00
20,82,753IRFC30,NJ,97,97,100.00
20,83,754GS2036,GS,161474,122474,75.85
20,84,757GS2033,GS,10,10,100.00
20,85,760PFCL35,N3,511,511,100.00
20,86,762NTPC35F,ND,499,499,100.00
20,87,764HUDCO31,N8,50,50,100.00
20,88,764IRFC31,NO,296,200,67.57
20,89,764NABAR31,N2,45,45,100.00
20,90,769NHAI31,NE,80,80,100.00
20,91,76NHAI31,NA,650,650,100.00
20,92,772GS2049,GS,5,5,100.00
20,93,778AS34,SG,100,100,100.00
20,94,78ABFL33,N4,37,37,100.00
20,95,797IGT31,NL,1052,1052,100.00
20,96,79NHIT35,N1,859,859,100.00
20,97,79NHIT40,N2,208,188,90.38
20,98,79NHIT47,N3,11,11,100.00
20,99,801TCH25,N4,10,10,100.00
20,100,810IRFC27,N2,4295,4286,99.79
20,101,81TCHF28,N8,90,90,100.00
20,102,820IIFL27,N9,5,5,100.00
20,103,824GS2027,GS,947,947,100.00
20,104,825IIFL25,N7,1,1,100.00
20,105,828GS2027,GS,1820,1820,100.00
20,106,829LTF24,NL,126,126,100.00
20,107,82HUDCO27,N2,2996,2096,69.96
20,108,82IGT31,NJ,300,300,100.00
20,109,830NHAI27,N2,9912,8498,85.73
20,110,830PFCL27,N5,51,51,100.00
20,111,842IIFL26,NL,1251,1231,98.40
20,112,843IHFL29,NC,25,25,100.00
20,113,849NTPC25,N7,91777,87662,95.52
20,114,850NHAI29,N5,7,7,100.00
20,115,865IFL28,NZ,60,60,100.00
20,116,865IIFL28,NS,251,251,100.00
20,117,865IRFC29,NA,25,25,100.00
20,118,865LTF26,NN,615,615,100.00
20,119,86GS2028,GS,301,301,100.00
20,120,86LTF24,NJ,100,100,100.00
20,121,871REC28,N9,39,39,100.00
20,122,872MMFSL26,N1,90,90,100.00
20,123,875IIFL26,NM,3,3,100.00
20,124,875NHAI29,N6,3224,3224,100.00
20,125,876HUDCO28,ND,6,6,100.00
20,126,879NHPC28,N5,100,100,100.00
20,127,883GS2041,GS,1,1,100.00
20,128,885MOFSL26,N0,47,42,89.36
20,129,888ERFL28,N5,257,257,100.00
20,130,888IRFC29,NE,646,646,100.00
20,131,888NHB29,N5,83,83,100.00
20,132,888REC29,NF,102,102,100.00
20,133,889SCL27,YT,18,12,66.67
20,134,891IIFCL34,N4,30,30,100.00
20,135,891NTPC33,N6,51,50,98.04
20,136,897GS2030,GS,4304,3240,75.28
20,137,897MOFSL29,N4,554,554,100.00
20,138,898LTF29,N7,1460,960,65.75
20,139,901HUDCO34,NE,572,372,65.03
20,140,901NHB34,N6,315,221,70.16
20,141,905LTF27,NF,75,75,100.00
20,142,905PEL26,N1,105,105,100.00
20,143,910TCAP28,NA,27,27,100.00
20,144,915SCL26,NE,7,7,100.00
20,145,91D051224,TB,200,200,100.00
20,146,91D211124,TB,2000,2000,100.00
20,147,920IIFLS26,N8,10,10,100.00
20,148,925AEL26,N1,115,115,100.00
20,149,925SCFL27,YA,59,59,100.00
20,150,925SCL25,N5,46,36,78.26
20,151,925SCL26D,ZD,10,10,100.00
20,152,92GS2030,GS,43644,42644,97.71
20,153,935PEL33,N3,240,240,100.00
20,154,93MOFSL34,N6,205,205,100.00
20,155,93SCL24,ZP,35,35,100.00
20,156,943ECL28,NJ,65,59,90.77
20,157,945CAGL24,N1,1,1,100.00
20,158,945IFSL25,N4,2,2,100.00
20,159,948SCL26A,NN,647,500,77.28
20,160,948SCL26D,AI,5,5,100.00
20,161,94SFL28,YL,50,50,100.00
20,162,955SCL27,Z5,134,134,100.00
20,163,955SCL27A,ZJ,10,10,100.00
20,164,965AEL27,N4,34,34,100.00
20,165,965SCL26F,N1,65,65,100.00
20,166,96IIFL28,N5,415,315,75.90
20,167,96IIFL28A,NF,365,231,63.29
20,168,96SFL24A,NB,11,11,100.00
20,169,971SCL28,AN,62,62,100.00
20,170,975NFL25,N0,421,421,100.00
20,171,985ECL28,NK,90,90,100.00
20,172,985IIFL22,NC,287,206,71.78
20,173,98ICCL26,NU,67,67,100.00
20,174,98SCL27,ZX,200,100,50.00
20,175,990SCL26,N7,132,130,98.48
20,176,99AEL29,N7,1538,1538,100.00
20,177,99IFCI24,NH,194,194,100.00
20,178,9IIFL28A,NT,100,100,100.00
20,179,9MMFSML,N2,32,32,100.00
20,180,9PCHFL31A,NA,1469,1369,93.19
20,181,9PEL25,N0,35,35,100.00
20,182,A2ZINFRA,EQ,369860,130244,35.21
20,183,AAATECH,EQ,27360,16698,61.03
20,184,AADHARHFC,EQ,359586,133653,37.17
20,185,AAKASH,EQ,97774,79813,81.63
20,186,AARON,EQ,4609,2405,52.18
20,187,AARTECH,EQ,69802,30347,43.48
20,188,AARTIDRUGS,EQ,79519,41431,52.10
20,189,AARTIIND,EQ,1760604,748998,42.54
20,190,AARTIPHARM,EQ,84069,43492,51.73
20,191,AARVI,EQ,67723,23460,34.64
20,192,AATMAJ,SM,8000,6000,75.00
20,193,AAVAS,EQ,91384,36839,40.31
20,194,ABAN,EQ,85948,62247,72.42
20,195,ABB,EQ,197602,70927,35.89
20,196,ABBOTINDIA,EQ,17456,6188,35.45
20,197,ABCAPITAL,EQ,3536957,1263695,35.73
20,198,ABCOTS,ST,9000,9000,100.00
20,199,ABDL,EQ,310027,174720,56.36
20,200,ABFRL,EQ,1398496,385016,27.53
20,201,ABGSEC,EQ,6,6,100.00
20,202,ABINFRA,ST,8000,8000,100.00
20,203,ABMINTLLTD,EQ,6575,4298,65.37
20,204,ABREL,EQ,992436,411844,41.50
20,205,ABSLAMC,EQ,414249,134897,32.56
20,206,ABSLBANETF,EQ,41856,28518,68.13
20,207,ABSLLIQUID,EQ,3656,2847,77.87
20,208,ABSLNN50ET,EQ,21342,15216,71.30
20,209,ABSLPSE,EQ,179737,92248,51.32
20,210,ABSMARINE,SM,43000,33000,76.74
20,211,ACC,EQ,205894,46770,22.72
20,212,ACCELYA,EQ,8910,4574,51.34
20,213,ACCENTMIC,SM,61500,39000,63.41
20,214,ACCORD,SM,8000,8000,100.00
20,215,ACE,EQ,128594,45111,35.08
20,216,ACEINTEG,EQ,38380,10669,27.80
20,217,ACI,EQ,277058,130287,47.03
20,218,ACL,EQ,18048,10565,58.54
20,219,ACLGATI,EQ,1065652,440765,41.36
20,220,ACSAL,ST,9000,9000,100.00
20,221,ADANIENSOL,EQ,2162032,1102719,51.00
20,222,ADANIENT,EQ,796339,304934,38.29
20,223,ADANIGREEN,EQ,410948,161677,39.34
20,224,ADANIPORTS,EQ,1290065,438398,33.98
20,225,ADANIPOWER,EQ,2279512,814898,35.75
20,226,ADFFOODS,EQ,386815,66359,17.16
20,227,ADORWELD,EQ,7772,3488,44.88
20,228,ADROITINFO,EQ,106406,37787,35.51
20,229,ADROITPP1,E1,52035,45218,86.90
20,230,ADSL,EQ,771496,252331,32.71
20,231,ADVANIHOTR,EQ,45509,23389,51.39
20,232,ADVENZYMES,EQ,217452,90691,41.71
20,233,AEGISLOG,EQ,184406,119198,64.64
20,234,AEL120924B,N8,10,10,100.00
20,235,AEROFLEX,EQ,1472045,410678,27.90
20,236,AERON,SM,51000,35000,68.63
20,237,AESTHETIK,SM,44000,38000,86.36
20,238,AETHER,EQ,352333,101511,28.81
20,239,AFFLE,EQ,105207,41348,39.30
20,240,AFIL,EQ,57844,32380,55.98
20,241,AGARIND,EQ,31777,18791,59.13
20,242,AGARWALFT,SM,15000,15000,100.00
20,243,AGI,EQ,325576,91941,28.24
20,244,AGIIL,EQ,788,442,56.09
20,245,AGNI,SM,57500,25000,43.48
20,246,AGRITECH,EQ,5905,3701,62.68
20,247,AGROPHOS,EQ,4512232,752138,16.67
20,248,AGSTRA,EQ,428126,111604,26.07
20,249,AGUL,SM,4000,4000,100.00
20,250,AHL,EQ,153376,40718,26.55
20,251,AHLADA,EQ,30911,18591,60.14
20,252,AHLEAST,EQ,124452,48794,39.21
20,253,AHLUCONT,EQ,145462,57046,39.22
20,254,AIAENG,EQ,43582,32672,74.97
20,255,AIIL,EQ,74643,31159,41.74
20,256,AILIMITED,ST,3000,3000,100.00
20,257,AIMTRON,ST,16800,15200,90.48
20,258,AIROLAM,EQ,13771,3393,24.64
20,259,AIRTELPP,E1,131169,95207,72.58
20,260,AISL,ST,13200,9600,72.73
20,261,AJANTPHARM,EQ,62004,29915,48.25
20,262,AJMERA,EQ,1003685,324302,32.31
20,263,AKANKSHA,SM,58000,26000,44.83
20,264,AKASH,EQ,31148,6757,21.69
20,265,AKG,EQ,41700,23865,57.23
20,266,AKI,EQ,40356,26804,66.42
20,267,AKIKO,SM,27200,24000,88.24
20,268,AKSHAR,EQ,3079235,3079235,100.00
20,269,AKSHARCHEM,EQ,3040,1816,59.74
20,270,AKSHOPTFBR,EQ,5392196,2713209,50.32
20,271,AKUMS,EQ,157710,59278,37.59
20,272,AKZOINDIA,EQ,9791,4672,47.72
20,273,ALANKIT,EQ,853402,350916,41.12
20,274,ALEMBICLTD,EQ,389896,159345,40.87
20,275,ALICON,EQ,9383,4287,45.69
20,276,ALKALI,EQ,17954,12536,69.82
20,277,ALKEM,EQ,253430,137585,54.29
20,278,ALKYLAMINE,EQ,51848,14982,28.90
20,279,ALLCARGO,EQ,1881512,848974,45.12
20,280,ALLDIGI,EQ,40367,21471,53.19
20,281,ALLETEC,SM,38800,19200,49.48
20,282,ALOKINDS,EQ,9219360,2455731,26.64
20,283,ALPEXSOLAR,SM,102800,60800,59.14
20,284,ALPHA,EQ,1364700,732387,53.67
20,285,ALPHAETF,EQ,635211,506706,79.77
20,286,ALPL30IETF,EQ,1174245,1004642,85.56
20,287,ALUWIND,ST,21000,18000,85.71
20,288,AMBER,EQ,256476,100496,39.18
20,289,AMBEY,SM,28000,16000,57.14
20,290,AMBICAAGAR,EQ,14131,3925,27.78
20,291,AMBIKCO,EQ,10535,6165,58.52
20,292,AMBUJACEM,EQ,5208678,3080343,59.14
20,293,AMDIND,EQ,65458,24206,36.98
20,294,AMEYA,ST,22000,22000,100.00
20,295,AMIABLE,SM,11200,6400,57.14
20,296,AMIORG,EQ,118002,51692,43.81
20,297,AMJUMBO,SM,32000,8000,25.00
20,298,AMNPLST,EQ,205570,41172,20.03
20,299,AMRUTANJAN,EQ,15106,7485,49.55
20,300,ANANDRATHI,EQ,411323,152782,37.14
20,301,ANANTRAJ,EQ,768711,242142,31.50
20,302,ANDHRAPAP,EQ,136601,68975,50.49
20,303,ANDHRSUGAR,EQ,145501,80965,55.65
20,304,ANGELONE,EQ,4149241,456573,11.00
20,305,ANLON,SM,35200,30000,85.23
20,306,ANMOL,EQ,107780,34261,31.79
20,307,ANNAPURNA,SM,90000,58000,64.44
20,308,ANUP,EQ,26442,10708,40.50
20,309,ANURAS,EQ,26859,12811,47.70
20,310,APARINDS,EQ,57628,20052,34.80
20,311,APCL,EQ,7690,4872,63.36
20,312,APCOTEXIND,EQ,21030,10011,47.60
20,313,APEX,EQ,398317,131804,33.09
20,314,APLAPOLLO,EQ,262552,103053,39.25
20,315,APLLTD,EQ,92361,28569,30.93
20,316,APOLLO,EQ,644833,306111,47.47
20,317,APOLLOHOSP,EQ,236651,140159,59.23
20,318,APOLLOPIPE,EQ,29217,14003,47.93
20,319,APOLLOTYRE,EQ,1892408,833776,44.06
20,320,APOLSINHOT,EQ,4193,1570,37.44
20,321,APRAMEYA,SM,46000,38000,82.61
20,322,APS,ST,9000,9000,100.00
20,323,APTECHT,EQ,151190,62828,41.56
20,324,APTUS,EQ,1127600,358546,31.80
20,325,ARABIAN,SM,26000,10000,38.46
20,326,ARCHIDPLY,EQ,34729,21541,62.03
20,327,ARE&M,EQ,356084,187623,52.69
20,328,ARHAM,SM,9000,7000,77.78
20,329,ARIES,EQ,36980,14053,38.00
20,330,ARIHANTACA,ST,1600,1600,100.00
20,331,ARIHANTCAP,EQ,1259132,381004,30.26
20,332,ARIHANTSUP,EQ,54256,35367,65.19
20,333,ARISTO,SM,8000,6400,80.00
20,334,ARKADE,EQ,1097489,413158,37.65
20,335,ARMANFIN,EQ,102060,74127,72.63
20,336,AROGRANITE,EQ,24625,15317,62.20
20,337,ARROWGREEN,EQ,27560,13548,49.16
20,338,ARTEMISMED,EQ,86329,42991,49.80
20,339,ARVEE,EQ,44284,20140,45.48
20,340,ARVIND,EQ,190849,71631,37.53
20,341,ARVINDFASN,EQ,604314,401678,66.47
20,342,ARVSMART,EQ,71722,30167,42.06
20,343,ASAHIINDIA,EQ,104102,28465,27.34
20,344,ASAL,EQ,13150,5632,42.83
20,345,ASALCBR,EQ,33751,11903,35.27
20,346,ASHALOG,SM,13000,8000,61.54
20,347,ASHAPURMIN,EQ,99212,49635,50.03
20,348,ASHIANA,EQ,102513,45039,43.93
20,349,ASHOKA,EQ,1338323,536581,40.09
20,350,ASHOKLEY,EQ,4757980,1527285,32.10
20,351,ASIANENE,EQ,45987,23622,51.37
20,352,ASIANHOTNR,EQ,3534,1643,46.49
20,353,ASIANPAINT,EQ,899318,401716,44.67
20,354,ASIANTILES,EQ,461854,222371,48.15
20,355,ASKAUTOLTD,EQ,510556,288925,56.59
20,356,ASLIND,SM,2000,2000,100.00
20,357,ASMS,EQ,248027,118943,47.96
20,358,ASPINWALL,EQ,3700,1816,49.08
20,359,ASPIRE,SM,8000,8000,100.00
20,360,ASTEC,EQ,64469,49902,77.40
20,361,ASTERDM,EQ,486959,240499,49.39
20,362,ASTRAL,EQ,313813,189091,60.26
20,363,ASTRAMICRO,EQ,242626,132018,54.41
20,364,ASTRAZEN,EQ,33607,7047,20.97
20,365,ASTRON,EQ,13590,11873,87.37
20,366,ATALREAL,EQ,5241747,3142347,59.95
20,367,ATAM,EQ,48701,19463,39.96
20,368,ATFL,EQ,30869,15068,48.81
20,369,ATGL,EQ,540647,158210,29.26
20,370,ATL,EQ,344896,175813,50.98
20,371,ATMASTCO,ST,40800,36000,88.24
20,372,ATUL,EQ,27446,9646,35.15
20,373,ATULAUTO,EQ,33571,22800,67.92
20,374,AUBANK,EQ,920590,396164,43.03
20,375,AURIONPRO,EQ,41991,23032,54.85
20,376,AUROIMPEX,SM,20800,17600,84.62
20,377,AUROPHARMA,EQ,437609,198808,45.43
20,378,AURUMPP1,X1,795,795,100.00
20,379,AUSL,SM,12000,12000,100.00
20,380,AUSOMENT,EQ,62230,24591,39.52
20,381,AUTOAXLES,EQ,8527,5983,70.17
20,382,AUTOBEES,EQ,305589,178837,58.52
20,383,AUTOIETF,EQ,1298837,872220,67.15
20,384,AUTOIND,EQ,140811,75404,53.55
20,385,AVADHSUGAR,EQ,71451,27756,38.85
20,386,AVALON,EQ,444531,113046,25.43
20,387,AVANTEL,EQ,608766,262657,43.15
20,388,AVANTIFEED,EQ,210490,55636,26.43
20,389,AVG,EQ,50720,25484,50.24
20,390,AVIANSH,SM,64000,54000,84.38
20,391,AVPINFRA,ST,59200,51200,86.49
20,392,AVTNPL,EQ,93834,39333,41.92
20,393,AWFIS,EQ,126896,63011,49.66
20,394,AWHCL,EQ,229729,81220,35.35
20,395,AWL,EQ,1129658,560109,49.58
20,396,AXISBANK,EQ,20829666,8559808,41.09
20,397,AXISBNKETF,EQ,296,275,92.91
20,398,AXISBPSETF,EQ,16418,10120,61.64
20,399,AXISCADES,EQ,61400,30621,49.87
20,400,AXISCETF,EQ,5433,4564,84.01
20,401,AXISGOLD,EQ,384232,294348,76.61
20,402,AXISHCETF,EQ,3672,1881,51.23
20,403,AXISILVER,EQ,31943,25485,79.78
20,404,AXISNIFTY,EQ,3598,3148,87.49
20,405,AXISTECETF,EQ,1056,685,64.87
20,406,AXITA,EQ,2472908,807228,32.64
20,407,AXSENSEX,EQ,4346,2702,62.17
20,408,AZAD,EQ,153451,89364,58.24
20,409,BABAFP,SM,11200,8000,71.43
20,410,BAGFILMS,EQ,552256,235675,42.67
20,411,BAHETI,SM,2250,1500,66.67
20,412,BAJAJ-AUTO,EQ,1543331,589265,38.18
20,413,BAJAJCON,EQ,229056,97368,42.51
20,414,BAJAJELEC,EQ,48676,20645,42.41
20,415,BAJAJFINSV,EQ,990257,457567,46.21
20,416,BAJAJHCARE,EQ,86373,40819,47.26
20,417,BAJAJHFL,EQ,18526453,6008743,32.43
20,418,BAJAJHIND,EQ,8020539,2658184,33.14
20,419,BAJAJHLDNG,EQ,31707,12020,37.91
20,420,BAJEL,EQ,208614,96783,46.39
20,421,BAJFINANCE,EQ,744929,354993,47.65
20,422,BALAJEE,EQ,235184,127385,54.16
20,423,BALAMINES,EQ,21918,9361,42.71
20,424,BALAXI,EQ,26175,14211,54.29
20,425,BALCO,ST,4800,4800,100.00
20,426,BALKRISHNA,EQ,283489,69536,24.53
20,427,BALKRISIND,EQ,64462,17867,27.72
20,428,BALMLAWRIE,EQ,384644,136764,35.56
20,429,BALRAMCHIN,EQ,1023335,440583,43.05
20,430,BALUFORGE,EQ,1777562,897833,50.51
20,431,BANARBEADS,EQ,2654702,345004,13.00
20,432,BANARISUG,EQ,1416,842,59.46
20,433,BANCOINDIA,EQ,69745,25412,36.44
20,434,BANDHANBNK,EQ,9895258,4686315,47.36
20,435,BANG,EQ,19473,5408,27.77
20,436,BANKA,EQ,49280,49280,100.00
20,437,BANKBARODA,EQ,10982434,4194450,38.19
20,438,BANKBEES,EQ,1296295,743692,57.37
20,439,BANKBETF,EQ,5936,4078,68.70
20,440,BANKETF,EQ,8201,6231,75.98
20,441,BANKETFADD,EQ,4901,4305,87.84
20,442,BANKIETF,EQ,724953,508459,70.14
20,443,BANKINDIA,EQ,3787617,1409640,37.22
20,444,BANKNIFTY1,EQ,886001,820375,92.59
20,445,BANKPSU,EQ,1126,816,72.47
20,446,BANSALWIRE,EQ,112334,54086,48.15
20,447,BANSWRAS,EQ,25017,8324,33.27
20,448,BARBEQUE,EQ,150428,121741,80.93
20,449,BASF,EQ,32336,10725,33.17
20,450,BASILIC,SM,114900,85500,74.41
20,451,BATAINDIA,EQ,364814,170521,46.74
20,452,BAWEJA,SM,19200,14400,75.00
20,453,BAYERCROP,EQ,12737,5388,42.30
20,454,BBETF0432,EQ,72,72,100.00
20,455,BBL,EQ,12397,6374,51.42
20,456,BBNPNBETF,EQ,4913,2567,52.25
20,457,BBNPPGOLD,EQ,736,633,86.01
20,458,BBOX,EQ,364888,215854,59.16
20,459,BBTC,EQ,81016,19662,24.27
20,460,BBTCL,EQ,4238,3034,71.59
20,461,BCLIND,EQ,1222716,452840,37.04
20,462,BCONCEPTS,EQ,16239,9281,57.15
20,463,BDL,EQ,646505,332241,51.39
20,464,BEACON,SM,20000,16000,80.00
20,465,BEARDSELL,EQ,124502,70871,56.92
20,466,BECTORFOOD,EQ,77887,33479,42.98
20,467,BEDMUTHA,EQ,71958,34673,48.19
20,468,BEL,EQ,10095514,3650983,36.16
20,469,BEML,EQ,1623662,378943,23.34
20,470,BEPL,EQ,1138302,351986,30.92
20,471,BERGEPAINT,EQ,818515,396848,48.48
20,472,BESTAGRO,EQ,863093,232763,26.97
20,473,BETA,SM,5100,3900,76.47
20,474,BEWLTD,SM,2625,2625,100.00
20,475,BFINVEST,EQ,188425,66658,35.38
20,476,BFSI,EQ,251756,154122,61.22
20,477,BFUTILITIE,EQ,399133,107465,26.92
20,478,BHAGCHEM,EQ,67546,30878,45.71
20,479,BHAGYANGR,EQ,92187,49798,54.02
20,480,BHANDARI,EQ,731810,393132,53.72
20,481,BHARATFORG,EQ,888822,547228,61.57
20,482,BHARATGEAR,EQ,17089,11578,67.75
20,483,BHARATRAS,EQ,1209,550,45.49
20,484,BHARATWIRE,EQ,166211,92386,55.58
20,485,BHARTIARTL,EQ,4154915,2530105,60.89
20,486,BHARTIHEXA,EQ,203752,49883,24.48
20,487,BHEL,EQ,18204264,6063876,33.31
20,488,BHINVIT,IV,109579,84522,77.13
20,489,BIGBLOC,EQ,534155,182166,34.10
20,490,BIKAJI,EQ,442461,174781,39.50
20,491,BIKEWO,SM,38000,24000,63.16
20,492,BIOCON,EQ,2364315,1137888,48.13
20,493,BIOFILCHEM,EQ,61309,33407,54.49
20,494,BIRET,RR,116294,98226,84.46
20,495,BIRLACABLE,EQ,39151,18618,47.55
20,496,BIRLACORPN,EQ,50319,27796,55.24
20,497,BLAL,EQ,160574,63485,39.54
20,498,BLBLIMITED,EQ,148678,80162,53.92
20,499,BLISSGVS,EQ,1854696,702484,37.88
20,500,BLKASHYAP,EQ,449022,249149,55.49
20,501,BLS,EQ,1427598,395007,27.67
20,502,BLSE,EQ,280372,81408,29.04
20,503,BLUEDART,EQ,13507,2674,19.80
20,504,BLUEJET,EQ,42847,23200,54.15
20,505,BLUEPEBBLE,SM,42400,34400,81.13
20,506,BLUESTARCO,EQ,373752,175599,46.98
20,507,BMETRICS,SM,8800,4800,54.55
20,508,BODALCHEM,EQ,654363,242720,37.09
20,509,BOMDYEING,EQ,8256271,1608706,19.48
20,510,BOROLTD,EQ,228780,88641,38.75
20,511,BORORENEW,EQ,271331,92974,34.27
20,512,BOROSCI,EQ,68540,28370,41.39
20,513,BOSCHLTD,EQ,21112,3078,14.58
20,514,BOSS,SM,64000,30000,46.88
20,515,BPCL,EQ,7328694,2258228,30.81
20,516,BPL,EQ,146184,84527,57.82
20,517,BRACEPORT,SM,12800,11200,87.50
20,518,BRIGADE,EQ,97619,57350,58.75
20,519,BRITANNIA,EQ,354901,216724,61.07
20,520,BRNL,EQ,52735,12625,23.94
20,521,BSE,EQ,5711214,761501,13.33
20,522,BSE500IETF,EQ,199452,108571,54.43
20,523,BSHSL,EQ,13523,8652,63.98
20,524,BSL,EQ,33792,19695,58.28
20,525,BSLGOLDETF,EQ,55449,36051,65.02
20,526,BSLNIFTY,EQ,230005,147363,64.07
20,527,BSLSENETFG,EQ,1407,1203,85.50
20,528,BSOFT,EQ,2764403,774487,28.02
20,529,BTML,EQ,3183200,554335,17.41
20,530,BULKCORP,SM,8400,7200,85.71
20,531,BUTTERFLY,EQ,10497,5251,50.02
20,532,BVCL,EQ,32397,15701,48.46
20,533,BYKE,EQ,55825,24690,44.23
20,534,CADSYS,ST,500,500,100.00
20,535,CAGL24,N2,3,3,100.00
20,536,CAGL25A,N4,7,7,100.00
20,537,CAMLINFINE,EQ,991431,436445,44.02
20,538,CAMPUS,EQ,618345,237427,38.40
20,539,CAMS,EQ,450472,159158,35.33
20,540,CANARYS,SM,32000,24000,75.00
20,541,CANBK,EQ,19968661,7990175,40.01
20,542,CANFINHOME,EQ,175385,59631,34.00
20,543,CANTABIL,EQ,106032,45378,42.80
20,544,CAPACITE,EQ,1190121,496867,41.75
20,545,CAPITALSFB,EQ,12654,7563,59.77
20,546,CAPLIPOINT,EQ,275868,86173,31.24
20,547,CARBORUNIV,EQ,40493,18703,46.19
20,548,CARERATING,EQ,86924,34243,39.39
20,549,CARTRADE,EQ,438141,219998,50.21
20,550,CARYSIL,EQ,63466,30048,47.35
20,551,CASTROLIND,EQ,2168930,803283,37.04
20,552,CBAZAAR,SM,8000,8000,100.00
20,553,CCL,EQ,93037,48525,52.16
20,554,CDSL,EQ,5823127,1189668,20.43
20,555,CEATLTD,EQ,619880,145248,23.43
20,556,CEIGALL,EQ,205118,118483,57.76
20,557,CELEBRITY,EQ,79552,45415,57.09
20,558,CELLECOR,ST,2100000,1650000,78.57
20,559,CELLO,EQ,44164,23422,53.03
20,560,CELLPOINT,SM,1200,1200,100.00
20,561,CENTENKA,EQ,54973,28531,51.90
20,562,CENTRALBK,EQ,6253115,1580405,25.27
20,563,CENTRUM,EQ,209662,86518,41.27
20,564,CENTUM,EQ,34164,20113,58.87
20,565,CENTURYPLY,EQ,85061,28042,32.97
20,566,CERA,EQ,7568,2776,36.68
20,567,CESC,EQ,7819844,1947814,24.91
20,568,CGCL,EQ,85512,31191,36.48
20,569,CGPOWER,EQ,2979794,1491152,50.04
20,570,CGRAPHICS,SM,78400,49600,63.27
20,571,CHALET,EQ,89355,22702,25.41
20,572,CHAMBLFERT,EQ,929354,278509,29.97
20,573,CHAVDA,SM,29000,19000,65.52
20,574,CHEMBOND,EQ,8918,3768,42.25
20,575,CHEMCON,EQ,36574,22135,60.52
20,576,CHEMFAB,EQ,14299,5653,39.53
20,577,CHEMPLASTS,EQ,162998,62795,38.53
20,578,CHENNPETRO,EQ,581318,172350,29.65
20,579,CHETANA,SM,9600,9600,100.00
20,580,CHEVIOT,EQ,2935,2052,69.91
20,581,CHOICEIN,EQ,695849,194536,27.96
20,582,CHOLAFIN,EQ,847463,476182,56.19
20,583,CHOLAHLDNG,EQ,220769,185040,83.82
20,584,CIEINDIA,EQ,138589,63111,45.54
20,585,CIGNITITEC,EQ,105778,65844,62.25
20,586,CINELINE,EQ,18086,9702,53.64
20,587,CINEVISTA,EQ,21370,9370,43.85
20,588,CIPLA,EQ,1879293,1232063,65.56
20,589,CLEAN,EQ,148226,57309,38.66
20,590,CLOUD,ST,122000,107000,87.70
20,591,CLSEL,EQ,98998,49835,50.34
20,592,CLSL,SM,4000,4000,100.00
20,593,CMMIPL,ST,33000,33000,100.00
20,594,CMNL,ST,76500,73500,96.08
20,595,CMRSL,SM,32000,24000,75.00
20,596,CMSINFO,EQ,681480,462928,67.93
20,597,COALINDIA,EQ,4573163,2437628,53.30
20,598,COASTCORP,EQ,15592,8369,53.67
20,599,COFORGE,EQ,291745,150234,51.49
20,600,COLPAL,EQ,254765,119512,46.91
20,601,COMMOIETF,EQ,124466,69201,55.60
20,602,COMPUSOFT,EQ,90738,45425,50.06
20,603,COMSYN,EQ,260980,23934,9.17
20,604,CONCOR,EQ,1432195,874735,61.08
20,605,CONCORDBIO,EQ,78649,26547,33.75
20,606,CONFIPET,EQ,504720,204467,40.51
20,607,CONS,EQ,21280,17983,84.51
20,608,CONSOFINVT,EQ,12137,8039,66.24
20,609,CONSUMBEES,EQ,1028818,743235,72.24
20,610,CONSUMIETF,EQ,74122,34355,46.35
20,611,CONTI,ST,3333,3333,100.00
20,612,CONTROLPR,EQ,14255,7539,52.89
20,613,COOLCAPS,ST,27750,26000,93.69
20,614,CORDSCABLE,EQ,17137,9741,56.84
20,615,COROMANDEL,EQ,119351,42411,35.53
20,616,COSMOFIRST,EQ,41573,15109,36.34
20,617,COUNCODOS,EQ,50364,33920,67.35
20,618,CPS,ST,6000,6000,100.00
20,619,CPSEETF,EQ,5801011,4939809,85.15
20,620,CRAFTSMAN,EQ,36512,26340,72.14
20,621,CRAYONS,SM,23000,20000,86.96
20,622,CREATIVE,EQ,10825,5710,52.75
20,623,CREATIVEYE,EQ,363453,230721,63.48
20,624,CREDITACC,EQ,218862,116578,53.27
20,625,CREST,EQ,67275,28861,42.90
20,626,CRISIL,EQ,73782,34285,46.47
20,627,CROMPTON,EQ,4268676,2725754,63.85
20,628,CSBBANK,EQ,188300,87792,46.62
20,629,CSLFINANCE,EQ,23998,12827,53.45
20,630,CUB,EQ,1674478,822414,49.11
20,631,CUBEXTUB,EQ,96930,81873,84.47
20,632,CUMMINSIND,EQ,200159,86992,43.46
20,633,CYBERMEDIA,EQ,136109,43192,31.73
20,634,CYIENT,EQ,256135,190678,74.44
20,635,CYIENTDLM,EQ,136760,64556,47.20
20,636,DABUR,EQ,2159572,1429030,66.17
20,637,DALBHARAT,EQ,101253,38400,37.92
20,638,DALMIASUG,EQ,92869,27640,29.76
20,639,DAMODARIND,EQ,76803,20167,26.26
20,640,DANGEE,EQ,468868,256603,54.73
20,641,DATAMATICS,EQ,83556,47650,57.03
20,642,DATAPATTNS,EQ,136538,38724,28.36
20,643,DAVANGERE,EQ,1927594,962604,49.94
20,644,DBCORP,EQ,274924,117744,42.83
20,645,DBL,EQ,135078,42620,31.55
20,646,DBOL,EQ,156187,75740,48.49
20,647,DBREALTY,EQ,2059053,1066040,51.77
20,648,DBSTOCKBRO,EQ,175883,98931,56.25
20,649,DCAL,EQ,889886,338470,38.04
20,650,DCBBANK,EQ,1028919,585743,56.93
20,651,DCG,SM,20400,15600,76.47
20,652,DCMNVL,EQ,55645,7157,12.86
20,653,DCMSHRIRAM,EQ,25678,8603,33.50
20,654,DCMSRIND,EQ,83994,41934,49.92
20,655,DCW,EQ,6039386,1791440,29.66
20,656,DCXINDIA,EQ,354062,238427,67.34
20,657,DECCANCE,EQ,3815,1974,51.74
20,658,DECCANTRAN,SM,52800,45600,86.36
20,659,DEEDEV,EQ,111921,63685,56.90
20,660,DEEM,SM,13000,10000,76.92
20,661,DEEPAKFERT,EQ,379314,126393,33.32
20,662,DEEPAKNTR,EQ,213553,74041,34.67
20,663,DEEPINDS,EQ,157387,66221,42.08
20,664,DELAPLEX,SM,19200,11400,59.38
20,665,DELHIVERY,EQ,1073891,719964,67.04
20,666,DELTACORP,EQ,606643,226233,37.29
20,667,DELTAMAGNT,EQ,27582,6748,24.47
20,668,DEN,EQ,1805628,850772,47.12
20,669,DENEERS,SM,2400,1800,75.00
20,670,DENORA,EQ,2242,1153,51.43
20,671,DENTALKART,SM,29750,20750,69.75
20,672,DESTINY,ST,6000,6000,100.00
20,673,DEVIT,EQ,72224,25441,35.23
20,674,DEVYANI,EQ,676020,280257,41.46
20,675,DHAMPURSUG,EQ,261149,76780,29.40
20,676,DHANBANK,EQ,1359482,474641,34.91
20,677,DHANI,EQ,5002642,1468336,29.35
20,678,DHANUKA,EQ,49565,20366,41.09
20,679,DHARIWAL,SM,3600,3600,100.00
20,680,DHARMAJ,EQ,63316,34237,54.07
20,681,DHTL,ST,1600,1600,100.00
20,682,DHUNINV,EQ,2145,1093,50.96
20,683,DIAMINESQ,EQ,2742,1922,70.09
20,684,DIAMONDYD,EQ,111456,51210,45.95
20,685,DIFFNKG,EQ,3689574,937097,25.40
20,686,DIGIDRIVE,EQ,61684,39394,63.86
20,687,DIGIKORE,SM,25400,14600,57.48
20,688,DIL,EQ,251368,148247,58.98
20,689,DISHTV,EQ,8801002,2378588,27.03
20,690,DIVGIITTS,EQ,19001,8288,43.62
20,691,DIVISLAB,EQ,334347,177290,53.03
20,692,DIVOPPBEES,EQ,81819,57698,70.52
20,693,DIVYADHAN,SM,44000,28000,63.64
20,694,DIXON,EQ,326908,75019,22.95
20,695,DKEGL,SM,7500,6000,80.00
20,696,DLF,EQ,2492488,828281,33.23
20,697,DLINKINDIA,EQ,142793,59111,41.40
20,698,DLSL25,NW,2,2,100.00
20,699,DMART,EQ,1094839,759784,69.40
20,700,DMCC,EQ,8054,5333,66.22
20,701,DODLA,EQ,38905,18041,46.37
20,702,DOLATALGO,EQ,455466,155147,34.06
20,703,DOLLAR,EQ,53678,24847,46.29
20,704,DOLLEX,SM,24000,16000,66.67
20,705,DOMS,EQ,897558,154239,17.18
20,706,DPABHUSHAN,EQ,57774,15943,27.60
20,707,DPEL,SM,189000,105000,55.56
20,708,DPSCLTD,EQ,305581,154746,50.64
20,709,DPWIRES,EQ,11552,5671,49.09
20,710,DRCSYSTEMS,EQ,48644,30647,63.00
20,711,DREAMFOLKS,EQ,86591,37433,43.23
20,712,DREDGECORP,EQ,38049,20747,54.53
20,713,DRONE,ST,57000,53000,92.98
20,714,DRREDDY,EQ,228623,109159,47.75
20,715,DRSDILIP,ST,80000,80000,100.00
20,716,DSSL,EQ,18868,9179,48.65
20,717,DTIL,EQ,10126,4712,46.53
20,718,DUCOL,SM,2400,1600,66.67
20,719,DUCON,EQ,1024222,596254,58.22
20,720,DURLAX,SM,96000,54000,56.25
20,721,DVL,EQ,29637,10858,36.64
20,722,DWARKESH,EQ,669943,258390,38.57
20,723,DYCL,EQ,19659,10250,52.14
20,724,DYNAMATECH,EQ,9687,3213,33.17
20,725,DYNAMIC,ST,21000,20000,95.24
20,726,EASEMYTRIP,EQ,13515259,4351907,32.20
20,727,EBANKNIFTY,EQ,1150,1017,88.43
20,728,EBBETF0425,EQ,24713,21790,88.17
20,729,EBBETF0430,EQ,3708,3090,83.33
20,730,EBBETF0431,EQ,13128,11447,87.20
20,731,EBBETF0433,EQ,3794,3441,90.70
20,732,ECLERX,EQ,45660,19854,43.48
20,733,ECOSMOBLTY,EQ,115205,22352,19.40
20,734,EDELWEISS,EQ,3292907,1289567,39.16
20,735,EFACTOR,SM,39200,31200,79.59
20,736,EFFWA,ST,52800,49600,93.94
20,737,EFORCE,SM,28800,22800,79.17
20,738,EGOLD,EQ,7423,6710,90.39
20,739,EICHERMOT,EQ,778795,279142,35.84
20,740,EIDPARRY,EQ,161502,67575,41.84
20,741,EIHAHOTELS,EQ,15576,7506,48.19
20,742,EIHOTEL,EQ,437426,216726,49.55
20,743,EIMCOELECO,EQ,18055,11470,63.53
20,744,EKC,EQ,791608,259289,32.75
20,745,ELDEHSG,EQ,896,542,60.49
20,746,ELECON,EQ,3580082,983565,27.47
20,747,ELECTCAST,EQ,1444087,773942,53.59
20,748,ELGIEQUIP,EQ,80856,27063,33.47
20,749,ELIN,EQ,290490,140106,48.23
20,750,EMAMILTD,EQ,354043,175417,49.55
20,751,EMAMIPAP,EQ,19496,11385,58.40
20,752,EMAMIREAL,EQ,36525,22348,61.19
20,753,EMBASSY,RR,144304,115098,79.76
20,754,EMBDL,EQ,7954189,3040095,38.22
20,755,EMCURE,EQ,90744,58321,64.27
20,756,EMIL,EQ,721017,456727,63.34
20,757,EMKAYTOOLS,SM,1800,900,50.00
20,758,EMMBI,EQ,35379,13976,39.50
20,759,EMMIL,SM,14000,12000,85.71
20,760,EMSLIMITED,EQ,585452,224830,38.40
20,761,EMUDHRA,EQ,209084,57876,27.68
20,762,ENDURANCE,EQ,110465,59329,53.71
20,763,ENERGYDEV,EQ,59473,38527,64.78
20,764,ENFUSE,SM,6000,6000,100.00
20,765,ENGINERSIN,EQ,5744047,2668528,46.46
20,766,ENIL,EQ,64761,44905,69.34
20,767,ENSER,ST,20000,20000,100.00
20,768,ENTERO,EQ,19245,9258,48.11
20,769,ENVIRO,SM,320000,196000,61.25
20,770,EPIGRAL,EQ,69102,20858,30.18
20,771,EPL,EQ,1463155,734061,50.17
20,772,EQUAL50ADD,EQ,6083,4457,73.27
20,773,EQUITASBNK,EQ,2707263,1438918,53.15
20,774,ERIS,EQ,32440,9535,29.39
20,775,EROSMEDIA,EQ,343996,200114,58.17
20,776,ESABINDIA,EQ,2250,1152,51.20
20,777,ESAFSFB,EQ,928257,326122,35.13
20,778,ESCONET,ST,13600,12800,94.12
20,779,ESCORTS,EQ,194550,50884,26.15
20,780,ESFL,ST,177600,161400,90.88
20,781,ESG,EQ,15098,7989,52.91
20,782,ESILVER,EQ,75858,66005,87.01
20,783,ESPRIT,SM,25600,19200,75.00
20,784,ESSENTIA,EQ,5827365,3071336,52.71
20,785,ESTER,EQ,203544,51939,25.52
20,786,ETHOSLTD,EQ,15231,7375,48.42
20,787,EUREKAFORB,EQ,117602,47996,40.81
20,788,EUROBOND,SM,4000,4000,100.00
20,789,EVEREADY,EQ,146744,67467,45.98
20,790,EVERESTIND,EQ,20563,12860,62.54
20,791,EVINDIA,EQ,544836,374381,68.71
20,792,EXCEL,EQ,10450161,4156836,39.78
20,793,EXCELINDUS,EQ,14139,7269,51.41
20,794,EXCELLENT,SM,6400,6400,100.00
20,795,EXICOM,EQ,308003,152625,49.55
20,796,EXIDEIND,EQ,2540669,536745,21.13
20,797,EXPLEOSOL,EQ,6864,3995,58.20
20,798,EXXARO,EQ,398705,146131,36.65
20,799,FACT,EQ,103916,24452,23.53
20,800,FAIRCHEMOR,EQ,15007,10658,71.02
20,801,FALCONTECH,SM,10800,6000,55.56
20,802,FAZE3Q,EQ,8084,4621,57.16
20,803,FCL,EQ,248920,98054,39.39
20,804,FCSSOFT,EQ,2419942,1135757,46.93
20,805,FDC,EQ,96273,31621,32.85
20,806,FEDERALBNK,EQ,7308007,2483041,33.98
20,807,FEDFINA,EQ,201742,105681,52.38
20,808,FELIX,ST,30500,27500,90.16
20,809,FIDEL,SM,4000,4000,100.00
20,810,FIEMIND,EQ,61976,25540,41.21
20,811,FILATEX,EQ,748127,290627,38.85
20,812,FINCABLES,EQ,87628,39629,45.22
20,813,FINEORG,EQ,16077,7080,44.04
20,814,FINIETF,EQ,165477,81096,49.01
20,815,FINOPB,EQ,244889,89753,36.65
20,816,FINPIPE,EQ,5904539,3645944,61.75
20,817,FIRSTCRY,EQ,450511,137446,30.51
20,818,FIVESTAR,EQ,1664708,819721,49.24
20,819,FLAIR,EQ,57675,27178,47.12
20,820,FLUOROCHEM,EQ,203611,95008,46.66
20,821,FMCGIETF,EQ,832495,691965,83.12
20,822,FMGOETZE,EQ,40394,30388,75.23
20,823,FOCE,ST,200,200,100.00
20,824,FOODSIN,EQ,106078,66220,62.43
20,825,FORCAS,SM,41600,35200,84.62
20,826,FORCEMOT,EQ,14336,5735,40.00
20,827,FORGEAUTO,SM,85200,70800,83.10
20,828,FORTIS,EQ,976974,485216,49.67
20,829,FOSECOIND,EQ,2359,1031,43.70
20,830,FROG,SM,263200,149600,56.84
20,831,FSL,EQ,2823953,557836,19.75
20,832,FUSION,EQ,386305,230554,59.68
20,833,GABRIEL,EQ,269094,113564,42.20
20,834,GAEL,EQ,782820,245685,31.38
20,835,GAIL,EQ,10150771,3938377,38.80
20,836,GAJANAND,ST,30000,30000,100.00
20,837,GALAPREC,EQ,142144,36453,25.65
20,838,GALAXYSURF,EQ,8937,3151,35.26
20,839,GANDHAR,EQ,1394718,456307,32.72
20,840,GANDHITUBE,EQ,2254,1349,59.85
20,841,GANECOS,EQ,91608,26737,29.19
20,842,GANESHBE,EQ,125301,58182,46.43
20,843,GANESHHOUC,EQ,323961,157413,48.59
20,844,GANGAFORGE,EQ,1332820,515665,38.69
20,845,GANGESSECU,EQ,46016,25716,55.88
20,846,GARFIBRES,EQ,20860,6158,29.52
20,847,GARUDA,EQ,5102719,1582547,31.01
20,848,GATEWAY,EQ,651395,285198,43.78
20,849,GEECEE,EQ,15141,7351,48.55
20,850,GENCON,EQ,72195,44515,61.66
20,851,GENESYS,EQ,230297,133144,57.81
20,852,GENSOL,EQ,94695,31083,32.82
20,853,GENUSPAPER,EQ,451781,193031,42.73
20,854,GENUSPOWER,EQ,1682954,863867,51.33
20,855,GEOJITFSL,EQ,1956976,807364,41.26
20,856,GEPIL,EQ,79499,46591,58.61
20,857,GESHIP,EQ,442406,248032,56.06
20,858,GFLLIMITED,EQ,1875807,796137,42.44
20,859,GGBL,SM,134400,69000,51.34
20,860,GHCL,EQ,179750,84790,47.17
20,861,GHCLTEXTIL,EQ,224218,122501,54.63
20,862,GICHSGFIN,EQ,200115,73583,36.77
20,863,GICL,SM,78000,78000,100.00
20,864,GICRE,EQ,319987,98850,30.89
20,865,GILLANDERS,EQ,5638,3894,69.07
20,866,GILLETTE,EQ,10449,4306,41.21
20,867,GILT5YBEES,EQ,154732,96517,62.38
20,868,GINNIFILA,EQ,727596,277476,38.14
20,869,GIPCL,EQ,330732,152012,45.96
20,870,GKWLIMITED,EQ,1121,708,63.16
20,871,GLAND,EQ,406250,263199,64.79
20,872,GLAXO,EQ,128125,62032,48.42
20,873,GLENMARK,EQ,389351,150213,38.58
20,874,GLOBAL,EQ,105645,66009,62.48
20,875,GLOBALPET,SM,28500,24000,84.21
20,876,GLOBUSSPR,EQ,80191,25271,31.51
20,877,GLOSTERLTD,EQ,1600,1120,70.00
20,878,GLS,EQ,106844,45546,42.63
20,879,GMBREW,EQ,47428,16012,33.76
20,880,GMDCLTD,EQ,1329903,412399,31.01
20,881,GMMPFAUDLR,EQ,120137,68769,57.24
20,882,GMRINFRA,EQ,11983548,4258740,35.54
20,883,GMRP&UI,EQ,1610566,830869,51.59
20,884,GNA,EQ,301209,56768,18.85
20,885,GNFC,EQ,326761,104997,32.13
20,886,GOACARBON,EQ,31942,8798,27.54
20,887,GOCLCORP,EQ,45984,24687,53.69
20,888,GOCOLORS,EQ,14167,6948,49.04
20,889,GODFRYPHLP,EQ,38860,14358,36.95
20,890,GODHA,EQ,2118995,1029721,48.59
20,891,GODIGIT,EQ,1632169,721830,44.23
20,892,GODREJAGRO,EQ,127682,47873,37.49
20,893,GODREJCP,EQ,658127,395485,60.09
20,894,GODREJIND,EQ,80411,26732,33.24
20,895,GODREJPROP,EQ,606394,164025,27.05
20,896,GOKEX,EQ,73961,39946,54.01
20,897,GOKUL,EQ,84387,34969,41.44
20,898,GOKULAGRO,EQ,135715,73140,53.89
20,899,GOLD1,EQ,859116,733668,85.40
20,900,GOLDBEES,EQ,10809828,8442909,78.10
20,901,GOLDCASE,EQ,1028321,615773,59.88
20,902,GOLDETF,EQ,293487,174584,59.49
20,903,GOLDETFADD,EQ,44569,30113,67.56
20,904,GOLDIAM,EQ,1188698,366994,30.87
20,905,GOLDIETF,EQ,2449692,2189897,89.39
20,906,GOLDSHARE,EQ,253392,214595,84.69
20,907,GOLDSTAR,SM,135000,78750,58.33
20,908,GOODLUCK,EQ,94771,44856,47.33
20,909,GOPAL,EQ,1100822,429778,39.04
20,910,GOYALALUM,EQ,198873,103890,52.24
20,911,GOYALSALT,SM,16200,11400,70.37
20,912,GPECO,SM,25200,16800,66.67
20,913,GPIL,EQ,1522256,640161,42.05
20,914,GPPL,EQ,1085826,371400,34.20
20,915,GPTHEALTH,EQ,107644,61658,57.28
20,916,GPTINFRA,EQ,96648,59944,62.02
20,917,GRANULES,EQ,1710223,485745,28.40
20,918,GRAPHISAD,ST,7200,7200,100.00
20,919,GRAPHITE,EQ,669207,157311,23.51
20,920,GRASIM,EQ,345996,147511,42.63
20,921,GRASIMPP1,E1,60019,56098,93.47
20,922,GRAVITA,EQ,180737,60641,33.55
20,923,GRCL,ST,500,500,100.00
20,924,GREAVESCOT,EQ,6065712,1843380,30.39
20,925,GREENCHEF,SM,26400,24000,90.91
20,926,GREENLAM,EQ,11277,5116,45.37
20,927,GREENPANEL,EQ,135138,56563,41.86
20,928,GREENPLY,EQ,241549,85587,35.43
20,929,GREENPOWER,EQ,5710220,1915870,33.55
20,930,GRINDWELL,EQ,163086,148299,90.93
20,931,GRINFRA,EQ,17614,7028,39.90
20,932,GRMOVER,EQ,91399,42169,46.14
20,933,GROWWDEFNC,EQ,189622,117777,62.11
20,934,GROWWEV,EQ,615069,499958,81.28
20,935,GROWWLIQID,EQ,63484,37104,58.45
20,936,GRSE,EQ,3006209,389526,12.96
20,937,GRWRHITECH,EQ,42908,16537,38.54
20,938,GSEC10ABSL,EQ,151,151,100.00
20,939,GSEC10IETF,EQ,1625,1254,77.17
20,940,GSEC10YEAR,EQ,2827,1827,64.63
20,941,GSEC5IETF,EQ,803,792,98.63
20,942,GSFC,EQ,880128,338413,38.45
20,943,GSLSU,EQ,169527,111293,65.65
20,944,GSMFOILS,ST,40000,40000,100.00
20,945,GSPL,EQ,2539027,1561568,61.50
20,946,GSS,EQ,18937,9051,47.80
20,947,GSTL,SM,8000,7000,87.50
20,948,GTECJAINX,EQ,6382,4534,71.04
20,949,GTL,EQ,2700348,967904,35.84
20,950,GTLINFRA,EQ,44696063,18165514,40.64
20,951,GTPL,EQ,22254,10021,45.03
20,952,GUFICBIO,EQ,161829,69813,43.14
20,953,GUJALKALI,EQ,131360,47756,36.36
20,954,GUJGASLTD,EQ,3149777,916572,29.10
20,955,GUJRAFFIA,EQ,1744,622,35.67
20,956,GULFOILLUB,EQ,49017,19431,39.64
20,957,GULFPETRO,EQ,190052,88948,46.80
20,958,GULPOLY,EQ,136940,51737,37.78
20,959,GVPTECH,EQ,24444,17306,70.80
20,960,HAL,EQ,1369365,497056,36.30
20,961,HAPPSTMNDS,EQ,234601,107100,45.65
20,962,HAPPYFORGE,EQ,23885,12544,52.52
20,963,HARDWYN,EQ,857677,149130,17.39
20,964,HARIOMPIPE,EQ,80049,36022,45.00
20,965,HARSHA,EQ,64827,33678,51.95
20,966,HATHWAY,EQ,2456548,913203,37.17
20,967,HATSUN,EQ,12339,6712,54.40
20,968,HAVELLS,EQ,2638593,1207620,45.77
20,969,HBLPOWER,EQ,792143,344956,43.55
20,970,HCC,EQ,13806776,4234629,30.67
20,971,HCG,EQ,95519,39115,40.95
20,972,HCLTECH,EQ,2366406,1408093,59.50
20,973,HDFCAMC,EQ,343633,152801,44.47
20,974,HDFCBANK,EQ,12404862,8255525,66.55
20,975,HDFCBSE500,EQ,30903,18162,58.77
20,976,HDFCGOLD,EQ,2284643,1860869,81.45
20,977,HDFCGROWTH,EQ,15185,11767,77.49
20,978,HDFCLIFE,EQ,3703858,2025272,54.68
20,979,HDFCLIQUID,EQ,5021,3951,78.69
20,980,HDFCLOWVOL,EQ,30787,27686,89.93
20,981,HDFCMID150,EQ,277950,169661,61.04
20,982,HDFCMOMENT,EQ,235086,127348,54.17
20,983,HDFCNEXT50,EQ,133676,84742,63.39
20,984,HDFCNIF100,EQ,42235,32716,77.46
20,985,HDFCNIFBAN,EQ,292760,265491,90.69
20,986,HDFCNIFIT,EQ,17986,10279,57.15
20,987,HDFCNIFTY,EQ,165468,128867,77.88
20,988,HDFCPSUBK,EQ,89771,61010,67.96
20,989,HDFCPVTBAN,EQ,74988,68811,91.76
20,990,HDFCQUAL,EQ,10674,6900,64.64
20,991,HDFCSENSEX,EQ,34845,23948,68.73
20,992,HDFCSILVER,EQ,257672,185945,72.16
20,993,HDFCSML250,EQ,928841,757473,81.55
20,994,HDFCVALUE,EQ,5053,3271,64.73
20,995,HEADSUP,EQ,13576,7207,53.09
20,996,HEALTHADD,EQ,632,501,79.27
20,997,HEALTHIETF,EQ,77562,30522,39.35
20,998,HEALTHY,EQ,199569,105441,52.83
20,999,HECPROJECT,EQ,11773,2734,23.22
20,1000,HEG,EQ,1050949,400380,38.10
20,1001,HEIDELBERG,EQ,443722,164890,37.16
20,1002,HEMIPROP,EQ,2793606,684058,24.49
20,1003,HERANBA,EQ,48920,19750,40.37
20,1004,HERITGFOOD,EQ,400966,203283,50.70
20,1005,HEROMOTOCO,EQ,427617,196090,45.86
20,1006,HESTERBIO,EQ,3503,1897,54.15
20,1007,HEUBACHIND,EQ,169740,89285,52.60
20,1008,HFCL,EQ,17042504,5699132,33.44
20,1009,HGINFRA,EQ,78753,40979,52.03
20,1010,HGS,EQ,17974,8570,47.68
20,1011,HIGREEN,ST,36000,35200,97.78
20,1012,HIKAL,EQ,399196,160963,40.32
20,1013,HIL,EQ,14720,8446,57.38
20,1014,HILTON,EQ,63473,35373,55.73
20,1015,HIMATSEIDE,EQ,1613389,622901,38.61
20,1016,HINDALCO,EQ,5474367,2640705,48.24
20,1017,HINDCOMPOS,EQ,9441,5471,57.95
20,1018,HINDCON,EQ,60216,34641,57.53
20,1019,HINDCOPPER,EQ,5327489,2013654,37.80
20,1020,HINDOILEXP,EQ,695628,266753,38.35
20,1021,HINDPETRO,EQ,4941502,1909234,38.64
20,1022,HINDUNILVR,EQ,1137277,604412,53.15
20,1023,HINDWAREAP,EQ,172809,105360,60.97
20,1024,HINDZINC,EQ,3491646,1162495,33.29
20,1025,HIRECT,EQ,454315,91593,20.16
20,1026,HISARMETAL,EQ,5066,1973,38.95
20,1027,HITECH,EQ,2867817,1960950,68.38
20,1028,HITECHCORP,EQ,46961,25193,53.65
20,1029,HLEGLAS,EQ,25358,12746,50.26
20,1030,HLVLTD,EQ,2295230,923952,40.26
20,1031,HMAAGRO,EQ,362309,187542,51.76
20,1032,HMVL,EQ,116162,64188,55.26
20,1033,HNDFDS,EQ,63122,25714,40.74
20,1034,HNGSNGBEES,EQ,742206,547288,73.74
20,1035,HOLMARC,SM,4500,4500,100.00
20,1036,HOMEFIRST,EQ,159781,95345,59.67
20,1037,HOMESFY,SM,600,600,100.00
20,1038,HONASA,EQ,633910,269154,42.46
20,1039,HONAUT,EQ,8957,5286,59.02
20,1040,HONDAPOWER,EQ,11171,3573,31.98
20,1041,HPAL,EQ,120598,62698,51.99
20,1042,HPIL,EQ,2122,1588,74.84
20,1043,HPL,EQ,122667,57913,47.21
20,1044,HRHNEXT,ST,15000,15000,100.00
20,1045,HSCL,EQ,1769282,417732,23.61
20,1046,HTMEDIA,EQ,778885,404376,51.92
20,1047,HUDCO,EQ,2960108,1252189,42.30
20,1048,HUHTAMAKI,EQ,59238,24965,42.14
20,1049,HVAX,ST,12600,12600,100.00
20,1050,IBLFL,ST,72000,72000,100.00
20,1051,ICEMAKE,EQ,36350,13228,36.39
20,1052,ICICIB22,EQ,420342,229644,54.63
20,1053,ICICIBANK,EQ,11018126,6902716,62.65
20,1054,ICICIGI,EQ,508530,240338,47.26
20,1055,ICICIPRULI,EQ,410104,134658,32.84
20,1056,ICIL,EQ,648720,305516,47.10
20,1057,ICRA,EQ,5300,1921,36.25
20,1058,IDBI,EQ,7167496,2103493,29.35
20,1059,IDEA,EQ,273123417,67044002,24.55
20,1060,IDEAFORGE,EQ,152660,78866,51.66
20,1061,IDEALTECHO,SM,8000,5000,62.50
20,1062,IDFCFIRSTB,EQ,17860612,8035966,44.99
20,1063,IDFNIFTYET,EQ,1610,1448,89.94
20,1064,IEL,EQ,425922,221828,52.08
20,1065,IEML,SM,1000,1000,100.00
20,1066,IEX,EQ,5227032,1707215,32.66
20,1067,IFBAGRO,EQ,10290,7659,74.43
20,1068,IFBIND,EQ,170492,45534,26.71
20,1069,IFCI,EQ,6037974,1951661,32.32
20,1070,IFCIZC24,NI,25,25,100.00
20,1071,IFGLEXPOR,EQ,7861,3345,42.55
20,1072,IGARASHI,EQ,79406,27030,34.04
20,1073,IGL,EQ,18330579,4139956,22.58
20,1074,IGPL,EQ,51763,22654,43.76
20,1075,IIFL,EQ,1282269,605429,47.22
20,1076,IIFLSEC,EQ,1083466,462021,42.64
20,1077,IIFLZC25,ND,141,141,100.00
20,1078,IIFLZC25B,NW,14,14,100.00
20,1079,IIFLZC25C,N8,85,85,100.00
20,1080,IIFLZC28C,N6,73,73,100.00
20,1081,IKIO,EQ,152708,56767,37.17
20,1082,IMAGICAA,EQ,1186193,425432,35.87
20,1083,IMC1,N0,252,252,100.00
20,1084,IMC1,N1,19,19,100.00
20,1085,IMC1,N3,10,10,100.00
20,1086,IMFA,EQ,62743,29968,47.76
20,1087,IMPAL,EQ,4855,1556,32.05
20,1088,INDBANK,EQ,52629,27303,51.88
20,1089,INDGN,EQ,658236,308250,46.83
20,1090,INDHOTEL,EQ,2267035,1254062,55.32
20,1091,INDIACEM,EQ,575080,337036,58.61
20,1092,INDIAGLYCO,EQ,121864,38503,31.60
20,1093,INDIAMART,EQ,302849,134075,44.27
20,1094,INDIANB,EQ,569461,208301,36.58
20,1095,INDIANCARD,EQ,3699,2088,56.45
20,1096,INDIANHUME,EQ,154474,59488,38.51
20,1097,INDIASHLTR,EQ,158560,107247,67.64
20,1098,INDIGO,EQ,624908,398923,63.84
20,1099,INDIGOPNTS,EQ,183983,73693,40.05
20,1100,INDIGRID,IV,203231,176332,86.76
20,1101,INDNIPPON,EQ,8431,4117,48.83
20,1102,INDOAMIN,EQ,363404,139882,38.49
20,1103,INDOBORAX,EQ,77069,29757,38.61
20,1104,INDOCO,EQ,91157,51118,56.08
20,1105,INDORAMA,EQ,130944,56057,42.81
20,1106,INDOSTAR,EQ,152729,79288,51.91
20,1107,INDOUS,EQ,2583,1777,68.80
20,1108,INDRAMEDCO,EQ,150943,67602,44.79
20,1109,INDSWFTLTD,EQ,123121,28669,23.29
20,1110,INDTERRAIN,EQ,58179,28720,49.36
20,1111,INDUSINDBK,EQ,3676670,2392895,65.08
20,1112,INDUSTOWER,EQ,2601893,1092107,41.97
20,1113,INFIBEAM,EQ,5800225,1726933,29.77
20,1114,INFINIUM,ST,8500,7500,88.24
20,1115,INFOBEAN,EQ,15063,7464,49.55
20,1116,INFOLLION,SM,76000,46400,61.05
20,1117,INFRABEES,EQ,13105,7507,57.28
20,1118,INFRAIETF,EQ,100669,45656,45.35
20,1119,INFY,EQ,10526196,4916524,46.71
20,1120,INGERRAND,EQ,8079,3282,40.62
20,1121,INM,SM,600,600,100.00
20,1122,INNOMET,SM,15600,13200,84.62
20,1123,INNOVACAP,EQ,48054,26731,55.63
20,1124,INNOVANA,SM,200,200,100.00
20,1125,INOXGREEN,EQ,1178674,385074,32.67
20,1126,INOXINDIA,EQ,176217,120975,68.65
20,1127,INOXWIND,EQ,22760633,13689681,60.15
20,1128,INSECTICID,EQ,95584,34771,36.38
20,1129,INSPIRE,SM,4000,4000,100.00
20,1130,INTELLECT,EQ,117610,61474,52.27
20,1131,INTERARCH,EQ,358380,110471,30.83
20,1132,INTLCONV,EQ,1064407,340892,32.03
20,1133,INVENTURE,EQ,2682857,1459549,54.40
20,1134,IOB,EQ,9965213,1832338,18.39
20,1135,IOC,EQ,11701011,3504146,29.95
20,1136,IOLCP,EQ,174998,69912,39.95
20,1137,IONEXCHANG,EQ,294593,98129,33.31
20,1138,IPCALAB,EQ,406426,228510,56.22
20,1139,IPHL,SM,39600,25200,63.64
20,1140,IPL,EQ,155558,85942,55.25
20,1141,IRB,EQ,15951384,6723735,42.15
20,1142,IRBINVIT,IV,168181,156499,93.05
20,1143,IRCON,EQ,3502572,795137,22.70
20,1144,IRCTC,EQ,891309,290114,32.55
20,1145,IREDA,EQ,5532586,1782572,32.22
20,1146,IRFC,EQ,11316090,3142228,27.77
20,1147,IRISDOREME,EQ,76687,21251,27.71
20,1148,IRMENERGY,EQ,165535,141572,85.52
20,1149,ISEC,EQ,174694,82277,47.10
20,1150,ISGEC,EQ,46483,18362,39.50
20,1151,ISHAN,ST,912000,672000,73.68
20,1152,IT,EQ,50551,32009,63.32
20,1153,ITALIANE,ST,24000,24000,100.00
20,1154,ITBEES,EQ,4632143,2682432,57.91
20,1155,ITC,EQ,21778099,14481644,66.50
20,1156,ITDC,EQ,17072,6613,38.74
20,1157,ITDCEM,EQ,711774,241691,33.96
20,1158,ITETF,EQ,352103,322850,91.69
20,1159,ITETFADD,EQ,14433,10898,75.51
20,1160,ITI,EQ,201771,49995,24.78
20,1161,ITIETF,EQ,495732,222918,44.97
20,1162,IVP,EQ,16149,9990,61.86
20,1163,IVZINGOLD,EQ,60,34,56.67
20,1164,IVZINNIFTY,EQ,58,18,31.03
20,1165,IXIGO,EQ,928038,475330,51.22
20,1166,JAGRAN,EQ,189694,76849,40.51
20,1167,JAGSNPHARM,EQ,48093,18443,38.35
20,1168,JAIBALAJI,EQ,214996,121958,56.73
20,1169,JAICORPLTD,EQ,547387,120519,22.02
20,1170,JAINAM,SM,3000,3000,100.00
20,1171,JAIPURKURT,EQ,34794,8129,23.36
20,1172,JALAN,SM,33000,24000,72.73
20,1173,JAMNAAUTO,EQ,1811085,605263,33.42
20,1174,JASH,EQ,63581,30947,48.67
20,1175,JAYAGROGN,EQ,24037,13875,57.72
20,1176,JAYBARMARU,EQ,187950,60426,32.15
20,1177,JAYBEE,SM,161000,127000,78.88
20,1178,JAYNECOIND,EQ,329704,138200,41.92
20,1179,JAYSREETEA,EQ,271938,85218,31.34
20,1180,JBCHEPHARM,EQ,150736,110349,73.21
20,1181,JBMA,EQ,106627,39106,36.68
20,1182,JCHAC,EQ,46679,22174,47.50
20,1183,JEYYAM,SM,98000,80000,81.63
20,1184,JGCHEM,EQ,326274,101419,31.08
20,1185,JHS,EQ,75893,39509,52.06
20,1186,JINDALPHOT,EQ,2805,1528,54.47
20,1187,JINDALPOLY,EQ,38086,13388,35.15
20,1188,JINDALSAW,EQ,1119626,501656,44.81
20,1189,JINDALSTEL,EQ,2696607,811366,30.09
20,1190,JINDRILL,EQ,394917,178095,45.10
20,1191,JINDWORLD,EQ,107735,57996,53.83
20,1192,JIOFIN,EQ,9740536,4073352,41.82
20,1193,JISLDVREQS,EQ,155129,34836,22.46
20,1194,JISLJALEQS,EQ,1667191,534657,32.07
20,1195,JITFINFRA,EQ,13765,6927,50.32
20,1196,JIWANRAM,SM,36000,36000,100.00
20,1197,J&KBANK,EQ,1451456,625458,43.09
20,1198,JKCEMENT,EQ,84948,44097,51.91
20,1199,JKIL,EQ,82331,37205,45.19
20,1200,JKLAKSHMI,EQ,93341,36604,39.22
20,1201,JKPAPER,EQ,519258,171035,32.94
20,1202,JKTYRE,EQ,420094,163112,38.83
20,1203,JLHL,EQ,28249,16728,59.22
20,1204,JMA,EQ,16134,7276,45.10
20,1205,JMFINANCIL,EQ,20669306,5104129,24.69
20,1206,JNKINDIA,EQ,35191,19314,54.88
20,1207,JOCIL,EQ,9506,6847,72.03
20,1208,JPOLYINVST,EQ,2388,1096,45.90
20,1209,JPPOWER,EQ,72852665,21841855,29.98
20,1210,JSFB,EQ,223346,145543,65.16
20,1211,JSL,EQ,1263109,943278,74.68
20,1212,JSLL,SM,9180,7200,78.43
20,1213,JSWENERGY,EQ,2358804,1484376,62.93
20,1214,JSWHL,EQ,9930,2635,26.54
20,1215,JSWINFRA,EQ,2438947,1428647,58.58
20,1216,JSWSTEEL,EQ,1291683,553711,42.87
20,1217,JTEKTINDIA,EQ,310367,126284,40.69
20,1218,JTLIND,EQ,458333,217258,47.40
20,1219,JUBLFOOD,EQ,1381352,514214,37.23
20,1220,JUBLINDS,EQ,2202,1312,59.58
20,1221,JUBLINGREA,EQ,238270,80860,33.94
20,1222,JUBLPHARMA,EQ,140728,49250,35.00
20,1223,JUNIORBEES,EQ,273906,162047,59.16
20,1224,JUNIPER,EQ,275792,254345,92.22
20,1225,JUSTDIAL,EQ,210757,60687,28.79
20,1226,JWL,EQ,586072,200290,34.17
20,1227,JYOTHYLAB,EQ,185845,78929,42.47
20,1228,JYOTICNC,EQ,48707,27732,56.94
20,1229,JYOTISTRUC,EQ,8249981,4073043,49.37
20,1230,K2INFRA,SM,68400,38400,56.14
20,1231,KABRAEXTRU,EQ,47101,18411,39.09
20,1232,KAJARIACER,EQ,71819,38497,53.60
20,1233,KAKATCEM,EQ,15441,9715,62.92
20,1234,KALAMANDIR,EQ,135224,63371,46.86
20,1235,KALANA,SM,74000,28000,37.84
20,1236,KALYANIFRG,EQ,544,437,80.33
20,1237,KALYANKJIL,EQ,7456179,2256684,30.27
20,1238,KAMATHOTEL,EQ,27438,16517,60.20
20,1239,KAMDHENU,EQ,84961,39253,46.20
20,1240,KANANIIND,EQ,295175,163306,55.33
20,1241,KANORICHEM,EQ,72727,26846,36.91
20,1242,KANPRPLA,EQ,51654,28172,54.54
20,1243,KANSAINER,EQ,234976,104921,44.65
20,1244,KAPSTON,EQ,8155,3614,44.32
20,1245,KARNIKA,ST,1200,1200,100.00
20,1246,KARURVYSYA,EQ,7582498,2756526,36.35
20,1247,KATARIA,SM,158400,133200,84.09
20,1248,KAYNES,EQ,283762,109476,38.58
20,1249,KBCGLOBAL,EQ,43223124,16530730,38.25
20,1250,KCEIL,SM,49500,41500,83.84
20,1251,KCK,ST,10000,8000,80.00
20,1252,KCP,EQ,232257,86997,37.46
20,1253,KDDL,EQ,9142,5176,56.62
20,1254,KDL,ST,600,600,100.00
20,1255,KEC,EQ,481978,363917,75.50
20,1256,KECL,EQ,95563,37062,38.78
20,1257,KEI,EQ,836796,377611,45.13
20,1258,KEL,ST,2400,2400,100.00
20,1259,KELLTONTEC,EQ,1443485,440763,30.53
20,1260,KERNEX,EQ,95623,37902,39.64
20,1261,KESORAMIND,EQ,633602,290299,45.82
20,1262,KFINTECH,EQ,424035,119388,28.16
20,1263,KHADIM,EQ,49712,18616,37.45
20,1264,KHAICHEM,EQ,153924,47519,30.87
20,1265,KHANDSE,EQ,9382,6385,68.06
20,1266,KHFM,SM,83700,43400,51.85
20,1267,KICL,EQ,15808,7904,50.00
20,1268,KILITCH,EQ,7522,5354,71.18
20,1269,KIMS,EQ,349113,57843,16.57
20,1270,KINGFA,EQ,5305,3291,62.04
20,1271,KIOCL,EQ,39521,18460,46.71
20,1272,KIRIINDUS,EQ,583119,322772,55.35
20,1273,KIRLOSBROS,EQ,275640,100716,36.54
20,1274,KIRLOSENG,EQ,105017,51083,48.64
20,1275,KIRLOSIND,EQ,7054,4481,63.52
20,1276,KIRLPNU,EQ,164028,96831,59.03
20,1277,KITEX,EQ,217219,82257,37.87
20,1278,KKCL,EQ,10533,5424,51.50
20,1279,KLL,SM,35200,14400,40.91
20,1280,KMSUGAR,EQ,170866,84300,49.34
20,1281,KNAGRI,SM,82400,75200,91.26
20,1282,KNRCON,EQ,589517,207084,35.13
20,1283,KODYTECH,SM,15200,8300,54.61
20,1284,KOHINOOR,EQ,145614,74391,51.09
20,1285,KOKUYOCMLN,EQ,188322,108590,57.66
20,1286,KOLTEPATIL,EQ,566904,178782,31.54
20,1287,KONSTELEC,SM,19000,14000,73.68
20,1288,KONTOR,ST,8400,7200,85.71
20,1289,KOPRAN,EQ,1481441,584625,39.46
20,1290,KORE,SM,1000,1000,100.00
20,1291,KOTAKBANK,EQ,3834767,2491471,64.97
20,1292,KOTARISUG,EQ,75538,38555,51.04
20,1293,KOTHARIPET,EQ,78922,25868,32.78
20,1294,KOTYARK,SM,149000,85400,57.32
20,1295,KPIL,EQ,315378,93302,29.58
20,1296,KPITTECH,EQ,344483,138645,40.25
20,1297,KPRMILL,EQ,83260,39203,47.09
20,1298,KRBL,EQ,256291,88425,34.50
20,1299,KRIDHANINF,EQ,49327,32286,65.45
20,1300,KRISHANA,EQ,16536,11657,70.49
20,1301,KRISHCA,SM,18000,17500,97.22
20,1302,KRISHIVAL,SM,1500,1000,66.67
20,1303,KRISHNADEF,ST,25500,24000,94.12
20,1304,KRITI,EQ,24246,12883,53.13
20,1305,KRN,EQ,817518,204738,25.04
20,1306,KRONOX,EQ,185473,75309,40.60
20,1307,KROSS,EQ,216412,100829,46.59
20,1308,KRSNAA,EQ,63224,32475,51.36
20,1309,KRYSTAL,EQ,46113,23203,50.32
20,1310,KSB,EQ,87796,44797,51.02
20,1311,KSCL,EQ,91748,38175,41.61
20,1312,KSHITIJPOL,EQ,12699550,5701700,44.90
20,1313,KSL,EQ,18490,8956,48.44
20,1314,KSOLVES,EQ,20602,10999,53.39
20,1315,KTKBANK,EQ,1905330,1315075,69.02
20,1316,KUANTUM,EQ,72652,34720,47.79
20,1317,LAGNAM,EQ,9553,5046,52.82
20,1318,LALPATHLAB,EQ,212769,69580,32.70
20,1319,LAMBODHARA,EQ,10234,5138,50.21
20,1320,LANCORHOL,EQ,23149,15502,66.97
20,1321,LANDMARK,EQ,37982,21700,57.13
20,1322,LAOPALA,EQ,175996,77372,43.96
20,1323,LATENTVIEW,EQ,716191,251405,35.10
20,1324,LAURUSLABS,EQ,3771206,2523811,66.92
20,1325,LAWSIKHO,SM,30500,23000,75.41
20,1326,LAXMICOT,EQ,68018,19822,29.14
20,1327,LEMERITE,ST,43200,28800,66.67
20,1328,LEMONTREE,EQ,2075487,974280,46.94
20,1329,LEXUS,EQ,24331,10072,41.40
20,1330,LGBBROSLTD,EQ,30316,17433,57.50
20,1331,LIBAS,EQ,128274,68958,53.76
20,1332,LICHSGFIN,EQ,956834,392637,41.04
20,1333,LICI,EQ,707640,302575,42.76
20,1334,LICMFGOLD,EQ,527,451,85.58
20,1335,LICNETFGSC,EQ,56914,44878,78.85
20,1336,LICNETFN50,EQ,861,552,64.11
20,1337,LICNETFSEN,EQ,60,47,78.33
20,1338,LICNFNHGP,EQ,796,665,83.54
20,1339,LICNMID100,EQ,7757,5518,71.14
20,1340,LIKHITHA,EQ,43569,19249,44.18
20,1341,LINC,EQ,12747,5502,43.16
20,1342,LINCOLN,EQ,22538,11560,51.29
20,1343,LINDEINDIA,EQ,32376,10324,31.89
20,1344,LIQUID,EQ,63977,40752,63.70
20,1345,LIQUID1,EQ,2731395,2033054,74.43
20,1346,LIQUIDADD,EQ,527196,372543,70.66
20,1347,LIQUIDBEES,EQ,2121043,1584689,74.71
20,1348,LIQUIDBETF,EQ,1234,607,49.19
20,1349,LIQUIDCASE,EQ,5341864,5221099,97.74
20,1350,LIQUIDETF,EQ,262001,177818,67.87
20,1351,LIQUIDIETF,EQ,1173044,775025,66.07
20,1352,LIQUIDSBI,EQ,3389,2607,76.93
20,1353,LIQUIDSHRI,EQ,13356,9539,71.42
20,1354,LLOYDS,SM,4000,4000,100.00
20,1355,LLOYDSENGG,EQ,5080918,1326663,26.11
20,1356,LLOYDSENT,EQ,1035616,612905,59.18
20,1357,LLOYDSME,EQ,401928,202575,50.40
20,1358,LMW,EQ,3806,1883,49.47
20,1359,LODHA,EQ,1210372,692428,57.21
20,1360,LOKESHMACH,EQ,48278,27020,55.97
20,1361,LORDSCHLO,EQ,9118,4798,52.62
20,1362,LOWVOL,EQ,259,243,93.82
20,1363,LOWVOL1,EQ,61167,56341,92.11
20,1364,LOWVOLIETF,EQ,3222769,2196335,68.15
20,1365,LOYALTEX,EQ,5003,1705,34.08
20,1366,LPDC,EQ,693173,316521,45.66
20,1367,LRRPL,ST,3000,3000,100.00
20,1368,LT,EQ,2102609,1334248,63.46
20,1369,LTF,EQ,11045604,4035675,36.54
20,1370,LTFOODS,EQ,934061,576537,61.72
20,1371,LTGILTBEES,EQ,2329843,1641718,70.46
20,1372,LTIM,EQ,1019092,342097,33.57
20,1373,LTTS,EQ,383959,216974,56.51
20,1374,LUMAXIND,EQ,2356,1196,50.76
20,1375,LUMAXTECH,EQ,56147,31857,56.74
20,1376,LUPIN,EQ,692637,368926,53.26
20,1377,LUXIND,EQ,56673,19087,33.68
20,1378,LXCHEM,EQ,789973,270112,34.19
20,1379,LYKALABS,EQ,110427,63747,57.73
20,1380,MAANALU,EQ,856236,245740,28.70
20,1381,MADHAV,EQ,10303,5159,50.07
20,1382,MADHAVBAUG,SM,3600,2800,77.78
20,1383,MADHUSUDAN,SM,59000,36000,61.02
20,1384,MADRASFERT,EQ,94765,39589,41.78
20,1385,MAFANG,EQ,391283,309807,79.18
20,1386,MAGADSUGAR,EQ,11180,4037,36.11
20,1387,MAGNUM,EQ,121054,64706,53.45
20,1388,MAGSON,SM,4000,4000,100.00
20,1389,MAHABANK,EQ,14672462,5958191,40.61
20,1390,MAHEPC,EQ,88516,33990,38.40
20,1391,MAHESHWARI,EQ,16634,8590,51.64
20,1392,MAHKTECH,EQ,1289098,970210,75.26
20,1393,MAHLIFE,EQ,124031,53712,43.31
20,1394,MAHLOG,EQ,82144,43824,53.35
20,1395,MAHSCOOTER,EQ,29223,8346,28.56
20,1396,MAHSEAMLES,EQ,201806,118151,58.55
20,1397,MAITHANALL,EQ,32532,16827,51.72
20,1398,MAITREYA,ST,7200,6400,88.89
20,1399,MAKEINDIA,EQ,78720,56130,71.30
20,1400,MAKS,SM,18000,15000,83.33
20,1401,MAL,SM,62400,9600,15.38
20,1402,MALUPAPER,EQ,32645,14469,44.32
20,1403,MANAKALUCO,EQ,28946,21534,74.39
20,1404,MANAKSIA,EQ,66800,33697,50.44
20,1405,MANAKSTEEL,EQ,112714,63987,56.77
20,1406,MANALIPETC,EQ,200492,100332,50.04
20,1407,MANAPPURAM,EQ,80781248,27369992,33.88
20,1408,MANBA,EQ,1185546,431830,36.42
20,1409,MANCREDIT,EQ,52005,26830,51.59
20,1410,MANDEEP,SM,4000,4000,100.00
20,1411,MANGALAM,EQ,37584,18687,49.72
20,1412,MANGCHEFER,EQ,388854,172789,44.44
20,1413,MANGLMCEM,EQ,23232,8990,38.70
20,1414,MANINDS,EQ,683472,312704,45.75
20,1415,MANINFRA,EQ,351260,116748,33.24
20,1416,MANKIND,EQ,150001,69370,46.25
20,1417,MANORAMA,EQ,59433,33284,56.00
20,1418,MANUGRAPH,EQ,19102,11498,60.19
20,1419,MANYAVAR,EQ,127488,65152,51.10
20,1420,MAPMYINDIA,EQ,73656,24863,33.76
20,1421,MARALOVER,EQ,15168,9016,59.44
20,1422,MARATHON,EQ,64568,38522,59.66
20,1423,MARCO,SM,24000,18000,75.00
20,1424,MARICO,EQ,2268280,1391205,61.33
20,1425,MARINE,EQ,232936,118826,51.01
20,1426,MARINETRAN,SM,16000,8000,50.00
20,1427,MARKSANS,EQ,1000786,247524,24.73
20,1428,MARSHALL,EQ,450760,163639,36.30
20,1429,MARUTI,EQ,506871,258753,51.05
20,1430,MASFIN,EQ,963763,886600,91.99
20,1431,MASON,SM,20000,20000,100.00
20,1432,MASPTOP50,EQ,129719,99266,76.52
20,1433,MASTEK,EQ,574174,223307,38.89
20,1434,MATRIMONY,EQ,75721,34956,46.16
20,1435,MAWANASUG,EQ,126323,57202,45.28
20,1436,MAXESTATES,EQ,139895,67037,47.92
20,1437,MAXHEALTH,EQ,1130741,647823,57.29
20,1438,MAXIND,EQ,32810,13591,41.42
20,1439,MAXPOSURE,SM,72000,48000,66.67
20,1440,MAYURUNIQ,EQ,68705,39990,58.21
20,1441,MAZDA,EQ,3156,1734,54.94
20,1442,MAZDOCK,EQ,8493150,1055364,12.43
20,1443,MBAPL,EQ,31298,19608,62.65
20,1444,MCL,EQ,34094,16258,47.69
20,1445,MCLEODRUSS,EQ,1004712,491709,48.94
20,1446,MCON,SM,5000,4000,80.00
20,1447,MCX,EQ,534592,186487,34.88
20,1448,MEDANTA,EQ,378740,217166,57.34
20,1449,MEDIASSIST,EQ,85932,39260,45.69
20,1450,MEDICAMEQ,EQ,44773,17910,40.00
20,1451,MEDPLUS,EQ,281308,209097,74.33
20,1452,MEGAFLEX,ST,6000,6000,100.00
20,1453,MEGASTAR,EQ,5959,4219,70.80
20,1454,MEGATHERM,SM,20400,9600,47.06
20,1455,MENONBE,EQ,40134,21399,53.32
20,1456,METAL,EQ,103114,64776,62.82
20,1457,METALIETF,EQ,3953765,1569925,39.71
20,1458,METROBRAND,EQ,33036,14068,42.58
20,1459,METROPOLIS,EQ,71188,27317,38.37
20,1460,MFSL,EQ,493545,213216,43.20
20,1461,MGL,EQ,5199584,889185,17.10
20,1462,MHHL,SM,13500,10500,77.78
20,1463,MHLXMIRU,EQ,7192,4331,60.22
20,1464,MHRIL,EQ,114619,59209,51.66
20,1465,MICEL,EQ,440823,228053,51.73
20,1466,MICROPRO,SM,9600,8000,83.33
20,1467,MID150BEES,EQ,442664,326223,73.70
20,1468,MID150CASE,EQ,296216,227624,76.84
20,1469,MIDCAP,EQ,41738,16990,40.71
20,1470,MIDCAPETF,EQ,1679646,1398076,83.24
20,1471,MIDCAPIETF,EQ,701008,393730,56.17
20,1472,MIDHANI,EQ,292635,94432,32.27
20,1473,MIDQ50ADD,EQ,3305,2091,63.27
20,1474,MIDSELIETF,EQ,156022,114403,73.32
20,1475,MIDSMALL,EQ,324107,219513,67.73
20,1476,MIEL,ST,24000,20000,83.33
20,1477,MINDACORP,EQ,466112,160180,34.37
20,1478,MINDSPACE,RR,97012,56333,58.07
20,1479,MIRZAINT,EQ,132273,73763,55.77
20,1480,MITCON,EQ,8839,5476,61.95
20,1481,MITCONPP,E1,796,353,44.35
20,1482,MITTAL,EQ,981669,765397,77.97
20,1483,M&M,EQ,3407751,1904913,55.90
20,1484,M&MFIN,EQ,3409122,1297068,38.05
20,1485,MMFL,EQ,45758,23698,51.79
20,1486,MMTC,EQ,3230111,708363,21.93
20,1487,MNC,EQ,89734,72308,80.58
20,1488,MODEFENCE,EQ,236121,166234,70.40
20,1489,MOGSEC,EQ,23374,22064,94.40
20,1490,MOHEALTH,EQ,127958,116930,91.38
20,1491,MOHITIND,EQ,47886,35508,74.15
20,1492,MOIL,EQ,471948,151644,32.13
20,1493,MOL,EQ,2617817,695121,26.55
20,1494,MOLDTECH,EQ,31576,14421,45.67
20,1495,MOLDTKPAC,EQ,16951,11342,66.91
20,1496,MOLOWVOL,EQ,79944,64815,81.08
20,1497,MOM100,EQ,323513,199526,61.67
20,1498,MOM30IETF,EQ,1166500,704301,60.38
20,1499,MOM50,EQ,3811,3149,82.63
20,1500,MOMENTUM,EQ,123343,72088,58.45
20,1501,MOMENTUM50,EQ,290892,260957,89.71
20,1502,MOMOMENTUM,EQ,115351,70541,61.15
20,1503,MON100,EQ,189562,113033,59.63
20,1504,MONARCH,EQ,226497,106592,47.06
20,1505,MONIFTY500,EQ,349352,275978,79.00
20,1506,MONOPHARMA,SM,6000,4000,66.67
20,1507,MONQ50,EQ,55503,49170,88.59
20,1508,MONTECARLO,EQ,67369,29983,44.51
20,1509,MOQUALITY,EQ,3661,3265,89.18
20,1510,MOREALTY,EQ,139088,83006,59.68
20,1511,MOREPENLAB,EQ,10748116,2494949,23.21
20,1512,MOS,ST,40000,37600,94.00
20,1513,MOSMALL250,EQ,430971,294197,68.26
20,1514,MOTHERSON,EQ,13896670,7017206,50.50
20,1515,MOTILALOFS,EQ,17840410,1617768,9.07
20,1516,MOTOGENFIN,EQ,8684,3896,44.86
20,1517,MOVALUE,EQ,111970,61359,54.80
20,1518,MPHASIS,EQ,965115,333473,34.55
20,1519,MPSLTD,EQ,16051,7425,46.26
20,1520,MRF,EQ,3964,1299,32.77
20,1521,MRO-TEK,EQ,72955,56234,77.08
20,1522,MRPL,EQ,1292952,445581,34.46
20,1523,MSTCLTD,EQ,167083,68700,41.12
20,1524,MSUMI,EQ,3481317,2089165,60.01
20,1525,MTARTECH,EQ,701486,456285,65.05
20,1526,MTNL,EQ,8741238,1749775,20.02
20,1527,MUFIN,EQ,106570,73882,69.33
20,1528,MUFTI,EQ,188788,99660,52.79
20,1529,MUKANDLTD,EQ,87777,57289,65.27
20,1530,MUKKA,EQ,788301,241441,30.63
20,1531,MULTICAP,EQ,106168,73738,69.45
20,1532,MUNJALAU,EQ,1795527,540858,30.12
20,1533,MUNJALSHOW,EQ,92337,50978,55.21
20,1534,MURUDCERA,EQ,34082,17124,50.24
20,1535,MUTHOOTCAP,EQ,25982,11834,45.55
20,1536,MUTHOOTFIN,EQ,565171,302378,53.50
20,1537,MUTHOOTMF,EQ,83662,41350,49.43
20,1538,MVGJL,EQ,230591,79971,34.68
20,1539,MVKAGRO,SM,10800,8400,77.78
20,1540,MWL,SM,24000,19200,80.00
20,1541,MYMUDRA,SM,16800,14400,85.71
20,1542,NACLIND,EQ,70118,43566,62.13
20,1543,NAGAFERT,EQ,953541,527879,55.36
20,1544,NAGREEKCAP,EQ,3718,2377,63.93
20,1545,NAHARCAP,EQ,4327,2800,64.71
20,1546,NAHARINDUS,EQ,30461,13823,45.38
20,1547,NAHARSPING,EQ,18777,9625,51.26
20,1548,NAMAN,ST,14400,14400,100.00
20,1549,NAM-INDIA,EQ,900554,441342,49.01
20,1550,NAMOEWASTE,SM,86400,60800,70.37
20,1551,NARMADA,EQ,255240,211078,82.70
20,1552,NATCOPHARM,EQ,412879,204559,49.54
20,1553,NATHBIOGEN,EQ,12975,7510,57.88
20,1554,NATIONALUM,EQ,29937444,9358782,31.26
20,1555,NAUKRI,EQ,140631,63054,44.84
20,1556,NAVA,EQ,89009,39631,44.52
20,1557,NAVINFLUOR,EQ,199530,98817,49.52
20,1558,NAVINIFTY,EQ,446,391,87.67
20,1559,NAVKARCORP,EQ,937506,483568,51.58
20,1560,NAVNETEDUL,EQ,192937,107261,55.59
20,1561,NAZARA,EQ,524153,199394,38.04
20,1562,NBCC,EQ,4531607,1733468,38.25
20,1563,NBIFIN,EQ,782,689,88.11
20,1564,NCC,EQ,1484634,497413,33.50
20,1565,NCLIND,EQ,46904,27430,58.48
20,1566,NDLVENTURE,EQ,535493,133400,24.91
20,1567,NDRAUTO,EQ,62695,26204,41.80
20,1568,NDTV,EQ,76571,29617,38.68
20,1569,NELCAST,EQ,135997,57599,42.35
20,1570,NELCO,EQ,50586,18174,35.93
20,1571,NEOGEN,EQ,29142,14255,48.92
20,1572,NEPHROCARE,ST,11200,11200,100.00
20,1573,NESCO,EQ,59714,26805,44.89
20,1574,NESTLEIND,EQ,1639185,1091786,66.61
20,1575,NETF,EQ,21885,20969,95.81
20,1576,NETWEB,EQ,217447,93575,43.03
20,1577,NETWORK18,EQ,3013539,625850,20.77
20,1578,NEULANDLAB,EQ,43788,23197,52.98
20,1579,NEWGEN,EQ,242517,81637,33.66
20,1580,NEWJAISA,SM,294000,207000,70.41
20,1581,NEXT50,EQ,13640,12147,89.05
20,1582,NEXT50IETF,EQ,417035,274712,65.87
20,1583,NFL,EQ,1401282,339465,24.23
20,1584,NGIL,EQ,45767,19021,41.56
20,1585,NGLFINE,EQ,2691,2016,74.92
20,1586,NH,EQ,178772,86320,48.28
20,1587,NHPC,EQ,34970175,20797830,59.47
20,1588,NIACL,EQ,500129,139749,27.94
20,1589,NIBL,EQ,33217,11965,36.02
20,1590,NIDAN,SM,7000,6000,85.71
20,1591,NIF100BEES,EQ,80153,74514,92.96
20,1592,NIF100IETF,EQ,107412,56416,52.52
20,1593,NIF10GETF,EQ,508,328,64.57
20,1594,NIF5GETF,EQ,1363,1352,99.19
20,1595,NIFITETF,EQ,599,494,82.47
20,1596,NIFMID150,EQ,770,564,73.25
20,1597,NIFTY1,EQ,786990,763281,96.99
20,1598,NIFTY50ADD,EQ,9167,5258,57.36
20,1599,NIFTYBEES,EQ,5554110,2834374,51.03
20,1600,NIFTYBETF,EQ,62552,61737,98.70
20,1601,NIFTYETF,EQ,564427,556807,98.65
20,1602,NIFTYIETF,EQ,2133644,1846747,86.55
20,1603,NIFTYQLITY,EQ,395312,318930,80.68
20,1604,NIITLTD,EQ,1031798,265077,25.69
20,1605,NIITMTS,EQ,32389,15561,48.04
20,1606,NILAINFRA,EQ,499552,239624,47.97
20,1607,NILKAMAL,EQ,4337,2739,63.15
20,1608,NINSYS,EQ,46350,16852,36.36
20,1609,NIPPOBATRY,EQ,3661,2102,57.42
20,1610,NIRMAN,ST,16200,14400,88.89
20,1611,NITCO,EQ,7053454,3019260,42.81
20,1612,NITINSPIN,EQ,57302,22542,39.34
20,1613,NITIRAJ,EQ,14316,4436,30.99
20,1614,NKIND,EQ,2333,914,39.18
20,1615,NLCINDIA,EQ,1449922,674940,46.55
20,1616,NMDC,EQ,10451906,3140292,30.05
20,1617,NOCIL,EQ,524974,154306,29.39
20,1618,NORTHARC,EQ,337568,177560,52.60
20,1619,NPBET,EQ,10587,10106,95.46
20,1620,NPST,SM,11400,11400,100.00
20,1621,NRAIL,EQ,8972,5533,61.67
20,1622,NRBBEARING,EQ,94923,46747,49.25
20,1623,NRL,EQ,1301978,417419,32.06
20,1624,NSIL,EQ,193628,63814,32.96
20,1625,NSLNISP,EQ,3167123,1420020,44.84
20,1626,NTPC,EQ,8828971,4800626,54.37
20,1627,NUCLEUS,EQ,13140,6102,46.44
20,1628,NURECA,EQ,16199,7535,46.52
20,1629,NUVAMA,EQ,102127,31879,31.22
20,1630,NUVOCO,EQ,261883,98073,37.45
20,1631,NV20,EQ,11552,6763,58.54
20,1632,NV20BEES,EQ,10933,8000,73.17
20,1633,NV20IETF,EQ,477352,240325,50.35
20,1634,NXST,RR,90529,71001,78.43
20,1635,NYKAA,EQ,4569090,2504087,54.80
20,1636,OAL,EQ,139129,69559,50.00
20,1637,OBCL,EQ,39705,26687,67.21
20,1638,OBEROIRLTY,EQ,1334918,473513,35.47
20,1639,OFSS,EQ,77607,34507,44.46
20,1640,OIL,EQ,4624545,1566871,33.88
20,1641,OILIETF,EQ,3006113,1621300,53.93
20,1642,OLAELEC,EQ,25522239,5133003,20.11
20,1643,OLECTRA,EQ,467244,143687,30.75
20,1644,OLIL,SM,28800,28800,100.00
20,1645,OMAXAUTO,EQ,30872,14644,47.43
20,1646,OMAXE,EQ,170584,112925,66.20
20,1647,OMFURN,SM,7200,7200,100.00
20,1648,OMINFRAL,EQ,85047,61467,72.27
20,1649,ONDOOR,SM,6600,5400,81.82
20,1650,ONEPOINT,EQ,478611,223551,46.71
20,1651,ONGC,EQ,14028398,7349563,52.39
20,1652,ONMOBILE,EQ,2021099,485160,24.00
20,1653,ONWARDTEC,EQ,241650,88680,36.70
20,1654,ORBTEXP,EQ,11780,7470,63.41
20,1655,ORCHPHARMA,EQ,26288,10674,40.60
20,1656,ORIANA,SM,36750,16500,44.90
20,1657,ORICONENT,EQ,263289,146330,55.58
20,1658,ORIENTBELL,EQ,10394,6383,61.41
20,1659,ORIENTCEM,EQ,4497113,2048255,45.55
20,1660,ORIENTCER,EQ,140743,83256,59.15
20,1661,ORIENTELEC,EQ,331386,204631,61.75
20,1662,ORIENTHOT,EQ,141639,54712,38.63
20,1663,ORIENTLTD,EQ,46488,18916,40.69
20,1664,ORIENTPPR,EQ,537151,312983,58.27
20,1665,ORIENTTECH,EQ,436921,196560,44.99
20,1666,ORISSAMINE,EQ,14371,5508,38.33
20,1667,ORTINGLOBE,EQ,109540,56066,51.18
20,1668,OSELDEVICE,SM,90400,66400,73.45
20,1669,OSWALGREEN,EQ,862296,348261,40.39
20,1670,OSWALSEEDS,EQ,97945,71997,73.51
20,1671,OWAIS,SM,22400,16000,71.43
20,1672,PAGEIND,EQ,9883,1998,20.22
20,1673,PAISALO,EQ,3391748,2025180,59.71
20,1674,PAKKA,EQ,82019,40940,49.92
20,1675,PALASHSECU,EQ,132775,39914,30.06
20,1676,PANAMAPET,EQ,142034,96595,68.01
20,1677,PAR,EQ,10745,5239,48.76
20,1678,PARACABLES,EQ,1702430,694751,40.81
20,1679,PARADEEP,EQ,17805097,4378507,24.59
20,1680,PARAGMILK,EQ,1980398,584470,29.51
20,1681,PARAGON,SM,10800,7200,66.67
20,1682,PARAMATRIX,SM,6000,6000,100.00
20,1683,PARAMOUNT,ST,30000,25200,84.00
20,1684,PARAS,EQ,65533,29561,45.11
20,1685,PARIN,ST,6000,5000,83.33
20,1686,PARKHOTELS,EQ,72729,52180,71.75
20,1687,PARTYCRUS,SM,4000,4000,100.00
20,1688,PASHUPATI,ST,10400,10400,100.00
20,1689,PATANJALI,EQ,624912,235225,37.64
20,1690,PATELENG,EQ,4078362,1425038,34.94
20,1691,PATINTLOG,EQ,240297,84963,35.36
20,1692,PATTECH,ST,4500,4500,100.00
20,1693,PAYTM,EQ,10913448,2184125,20.01
20,1694,PCBL,EQ,2215115,874691,39.49
20,1695,PCCL,SM,41600,28800,69.23
20,1696,PDMJEPAPER,EQ,111966,54938,49.07
20,1697,PDSL,EQ,21345,8274,38.76
20,1698,PEARLPOLY,EQ,964401,277525,28.78
20,1699,PEL,EQ,893456,173337,19.40
20,1700,PELATRO,SM,54600,37800,69.23
20,1701,PENIND,EQ,9771502,2838216,29.05
20,1702,PENINLAND,EQ,323243,115097,35.61
20,1703,PENTAGON,SM,5000,4000,80.00
20,1704,PERSISTENT,EQ,177195,53549,30.22
20,1705,PETRONET,EQ,1444403,647598,44.83
20,1706,PFC,EQ,7642993,3312039,43.33
20,1707,PFIZER,EQ,26145,11368,43.48
20,1708,PFOCUS,EQ,108977,73217,67.19
20,1709,PFS,EQ,622762,302895,48.64
20,1710,PGEL,EQ,1688155,707017,41.88
20,1711,PGHH,EQ,18971,7069,37.26
20,1712,PGHL,EQ,2937,1488,50.66
20,1713,PGIL,EQ,47587,25560,53.71
20,1714,PGINVIT,IV,534366,513278,96.05
20,1715,PHANTOMFX,SM,18600,12900,69.35
20,1716,PHARMABEES,EQ,2135364,1024585,47.98
20,1717,PHOENIXLTD,EQ,297435,179502,60.35
20,1718,PHOGLOBAL,SM,98000,76000,77.55
20,1719,PIDILITIND,EQ,1063134,131398,12.36
20,1720,PIIND,EQ,246269,57185,23.22
20,1721,PILANIINVS,EQ,66599,23036,34.59
20,1722,PILITA,EQ,674215,323198,47.94
20,1723,PIONEEREMB,EQ,30626,13227,43.19
20,1724,PITTIENG,EQ,36768,15021,40.85
20,1725,PIXTRANS,EQ,39848,14172,35.57
20,1726,PKTEA,EQ,1429,1133,79.29
20,1727,PLATIND,EQ,897077,294686,32.85
20,1728,PLAZACABLE,EQ,96846,47045,48.58
20,1729,PNB,EQ,18567809,8283380,44.61
20,1730,PNBGILTS,EQ,495649,142098,28.67
20,1731,PNBHOUSING,EQ,937188,347092,37.04
20,1732,PNC,EQ,193429,67688,34.99
20,1733,PNCINFRA,EQ,381962,133636,34.99
20,1734,PNGJL,EQ,232309,91180,39.25
20,1735,POCL,EQ,269016,137870,51.25
20,1736,PODDARMENT,EQ,7304,4580,62.71
20,1737,POKARNA,EQ,59296,27907,47.06
20,1738,POLICYBZR,EQ,674150,433372,64.28
20,1739,POLYCAB,EQ,1967388,374845,19.05
20,1740,POLYMED,EQ,55525,18238,32.85
20,1741,POLYPLEX,EQ,172900,90327,52.24
20,1742,POLYSIL,SM,4000,4000,100.00
20,1743,PONNIERODE,EQ,21377,10607,49.62
20,1744,POONAWALLA,EQ,615531,304039,49.39
20,1745,POSITRON,SM,36000,22800,63.33
20,1746,POWERGRID,EQ,10569021,6363689,60.21
20,1747,POWERINDIA,EQ,70624,48431,68.58
20,1748,POWERMECH,EQ,62729,30264,48.25
20,1749,PPAP,EQ,9511,6960,73.18
20,1750,PPL,EQ,112155,48114,42.90
20,1751,PPLPHARMA,EQ,4138095,986191,23.83
20,1752,PPSL,SM,12000,12000,100.00
20,1753,PRAJIND,EQ,701981,170602,24.30
20,1754,PRAKASH,EQ,407770,201358,49.38
20,1755,PRAKASHSTL,EQ,458761,251901,54.91
20,1756,PRANIK,ST,56000,56000,100.00
20,1757,PRATHAM,ST,11200,11200,100.00
20,1758,PRECAM,EQ,1587768,277829,17.50
20,1759,PRECISION,SM,12000,12000,100.00
20,1760,PRECOT,EQ,2029,1246,61.41
20,1761,PRECWIRE,EQ,421584,112939,26.79
20,1762,PREMEXPLN,EQ,57884,39386,68.04
20,1763,PREMIERENE,EQ,1676203,369885,22.07
20,1764,PRESSTONIC,SM,13600,8800,64.71
20,1765,PRESTIGE,EQ,582412,248970,42.75
20,1766,PRICOLLTD,EQ,187426,90676,48.38
20,1767,PRIMESECU,EQ,242841,109613,45.14
20,1768,PRINCEPIPE,EQ,63797,30570,47.92
20,1769,PRITI,EQ,22151,10222,46.15
20,1770,PRITIKA,ST,34000,26000,76.47
20,1771,PRITIKAUTO,EQ,596591,181934,30.50
20,1772,PRIVISCL,EQ,204200,108314,53.04
20,1773,PRIZOR,ST,64000,60800,95.00
20,1774,PRLIND,SM,52000,34000,65.38
20,1775,PROLIFE,SM,5500,5500,100.00
20,1776,PROV,SM,1120,960,85.71
20,1777,PROZONER,EQ,228078,124818,54.73
20,1778,PRSMJOHNSN,EQ,1194267,255934,21.43
20,1779,PRUDENT,EQ,30348,14011,46.17
20,1780,PSB,EQ,1563569,453283,28.99
20,1781,PSFL,SM,68000,44000,64.71
20,1782,PSPPROJECT,EQ,24395,10768,44.14
20,1783,PSUBANK,EQ,20478,18551,90.59
20,1784,PSUBANKADD,EQ,3892,3360,86.33
20,1785,PSUBNKBEES,EQ,1423172,809150,56.86
20,1786,PSUBNKIETF,EQ,106923,49033,45.86
20,1787,PTC,EQ,1853528,1120049,60.43
20,1788,PTCIL,EQ,16365,13630,83.29
20,1789,PTL,EQ,152661,53085,34.77
20,1790,PULZ,ST,17000,17000,100.00
20,1791,PUNJABCHEM,EQ,7648,4157,54.35
20,1792,PURVA,EQ,94002,53612,57.03
20,1793,PURVFLEXI,SM,83200,54400,65.38
20,1794,PVRINOX,EQ,756705,259935,34.35
20,1795,PVSL,EQ,52374,27894,53.26
20,1796,PVTBANIETF,EQ,1963404,1317336,67.09
20,1797,PVTBANKADD,EQ,53201,31902,59.97
20,1798,PYRAMID,EQ,616405,198328,32.17
20,1799,QGOLDHALF,EQ,199797,104952,52.53
20,1800,QMSMEDI,SM,12000,9000,75.00
20,1801,QNIFTY,EQ,1400,385,27.50
20,1802,QUAL30IETF,EQ,737206,563659,76.46
20,1803,QUESS,EQ,691103,190920,27.63
20,1804,QUESTLAB,SM,93600,84000,89.74
20,1805,QUICKHEAL,EQ,794537,170935,21.51
20,1806,QUICKTOUCH,SM,4500,3000,66.67
20,1807,QVCEL,ST,3200,3200,100.00
20,1808,RACE,EQ,20169,3924,19.46
20,1809,RADIANTCMS,EQ,277533,202283,72.89
20,1810,RADICO,EQ,220716,61405,27.82
20,1811,RADIOCITY,EQ,181325,77382,42.68
20,1812,RADIOCITY,P1,2332,2326,99.74
20,1813,RADIOWALLA,SM,1600,1600,100.00
20,1814,RAILTEL,EQ,2652267,458561,17.29
20,1815,RAIN,EQ,1277372,481620,37.70
20,1816,RAINBOW,EQ,49797,26977,54.17
20,1817,RAJESHEXPO,EQ,236455,89946,38.04
20,1818,RAJINDLTD,SM,6000,6000,100.00
20,1819,RAJMET,EQ,704337,382720,54.34
20,1820,RAJRATAN,EQ,21464,10678,49.75
20,1821,RAJSREESUG,EQ,51141,22825,44.63
20,1822,RALLIS,EQ,2825101,416681,14.75
20,1823,RAMANEWS,EQ,42771,20337,47.55
20,1824,RAMAPHO,EQ,26539,12475,47.01
20,1825,RAMASTEEL,EQ,15217423,3912088,25.71
20,1826,RAMCOCEM,EQ,623598,385995,61.90
20,1827,RAMCOIND,EQ,97262,51542,52.99
20,1828,RAMCOSYS,EQ,29583,13707,46.33
20,1829,RAMKY,EQ,68679,33922,49.39
20,1830,RAMRAT,EQ,59788,25426,42.53
20,1831,RANASUG,EQ,256514,132118,51.51
20,1832,RANEHOLDIN,EQ,7216,3303,45.77
20,1833,RAPPID,SM,4800,4200,87.50
20,1834,RATEGAIN,EQ,182026,121440,66.72
20,1835,RATNAMANI,EQ,24392,12461,51.09
20,1836,RAYMOND,EQ,215873,87141,40.37
20,1837,RAYMONDLSL,EQ,69166,27471,39.72
20,1838,RBA,EQ,814617,458762,56.32
20,1839,RBLBANK,EQ,6930166,2414632,34.84
20,1840,RBMINFRA,ST,21600,19000,87.96
20,1841,RBS,SM,531200,294400,55.42
20,1842,RCDL,SM,18000,18000,100.00
20,1843,RCF,EQ,1610101,376395,23.38
20,1844,RECLTD,EQ,4184490,1401312,33.49
20,1845,REDINGTON,EQ,536050,247373,46.15
20,1846,REDTAPE,EQ,97560,47173,48.35
20,1847,REFRACTORY,ST,8000,8000,100.00
20,1848,RELAXO,EQ,49356,27142,54.99
20,1849,RELCHEMQ,EQ,3935,2873,73.01
20,1850,RELIANCE,EQ,6041226,3108315,51.45
20,1851,RELIGARE,EQ,431081,262650,60.93
20,1852,REMSONSIND,EQ,42475,30564,71.96
20,1853,REMUS,SM,1400,1000,71.43
20,1854,RENUKA,EQ,14954513,5146131,34.41
20,1855,REPCOHOME,EQ,110393,57421,52.02
20,1856,REPL,EQ,18449,8649,46.88
20,1857,REPRO,EQ,10752,7756,72.14
20,1858,RESPONIND,EQ,369139,16779,4.55
20,1859,REVATHIEQU,EQ,8877,5868,66.10
20,1860,RGL,EQ,3445417,1262300,36.64
20,1861,RHIM,EQ,118163,57767,48.89
20,1862,RHL,EQ,15399,6036,39.20
20,1863,RICOAUTO,EQ,416780,184603,44.29
20,1864,RIIL,EQ,175182,46002,26.26
20,1865,RILINFRA,ST,18400,17600,95.65
20,1866,RISHABH,EQ,22976,10832,47.14
20,1867,RITCO,EQ,341471,187848,55.01
20,1868,RITES,EQ,1509885,469197,31.08
20,1869,RITEZONE,SM,32000,24000,75.00
20,1870,RKEC,EQ,66916,36008,53.81
20,1871,RKFORGE,EQ,329409,118646,36.02
20,1872,RKSWAMY,EQ,43623,22384,51.31
20,1873,RMDRIP,ST,15000,15000,100.00
20,1874,RML,EQ,6060,2635,43.48
20,1875,RNFI,SM,25200,19200,76.19
20,1876,ROCKINGDCE,SM,12000,7000,58.33
20,1877,ROHLTD,EQ,67551,17262,25.55
20,1878,ROLEXRINGS,EQ,9924,6590,66.40
20,1879,ROML,EQ,7364,2447,33.23
20,1880,ROSSARI,EQ,66656,28679,43.03
20,1881,ROTO,EQ,262018,57423,21.92
20,1882,ROUTE,EQ,38541,20590,53.42
20,1883,ROXHITECH,SM,27200,16000,58.82
20,1884,RPEL,EQ,198578,44662,22.49
20,1885,RPGLIFE,EQ,25767,7334,28.46
20,1886,RPPL,EQ,116170,70586,60.76
20,1887,RPSGVENT,EQ,48279,22950,47.54
20,1888,RPTECH,EQ,66276,31647,47.75
20,1889,RRKABEL,EQ,59172,21441,36.24
20,1890,RSWM,EQ,35124,18023,51.31
20,1891,RSYSTEMS,EQ,224343,99762,44.47
20,1892,RTNINDIA,EQ,2094401,685969,32.75
20,1893,RTNPOWER,EQ,11746852,6466449,55.05
20,1894,RUBFILA,EQ,61564,32490,52.77
20,1895,RUBYMILLS,EQ,24187,15057,62.25
20,1896,RUCHIRA,EQ,23045,13536,58.74
20,1897,RULKA,SM,16800,12000,71.43
20,1898,RUPA,EQ,118397,40380,34.11
20,1899,RUSHIL,EQ,359811,212815,59.15
20,1900,RUSTOMJEE,EQ,40372,17700,43.84
20,1901,RVHL,EQ,41889,15382,36.72
20,1902,RVNL,EQ,4706252,1143918,24.31
20,1903,SAAKSHI,SM,19800,17400,87.88
20,1904,SABAR,SM,40000,30000,75.00
20,1905,SADBHAV,EQ,870433,442527,50.84
20,1906,SADBHIN,EQ,126431,87075,68.87
20,1907,SADHAV,SM,21600,16800,77.78
20,1908,SADHNANIQ,EQ,100695,53994,53.62
20,1909,SAFARI,EQ,57855,33155,57.31
20,1910,SAGARDEEP,EQ,37118,10445,28.14
20,1911,SAGCEM,EQ,25359,15003,59.16
20,1912,SAH,EQ,39883,12365,31.00
20,1913,SAHAJ,SM,36000,24000,66.67
20,1914,SAHAJSOLAR,ST,25600,24800,96.88
20,1915,SAHANA,SM,16500,13000,78.79
20,1916,SAHASRA,SM,1110400,564800,50.86
20,1917,SAHYADRI,EQ,11484,6750,58.78
20,1918,SAIFL,SM,10400,8800,84.62
20,1919,SAIL,EQ,26363209,10039449,38.08
20,1920,SAJHOTELS,ST,70000,66000,94.29
20,1921,SAKAR,EQ,11651,8108,69.59
20,1922,SAKHTISUG,EQ,549477,253623,46.16
20,1923,SAKSOFT,EQ,180932,81191,44.87
20,1924,SALASAR,EQ,4567350,1834357,40.16
20,1925,SALONA,EQ,45,33,73.33
20,1926,SALSTEEL,EQ,270281,163396,60.45
20,1927,SALZERELEC,EQ,96623,34942,36.16
20,1928,SAMBHAAV,EQ,1146915,219371,19.13
20,1929,SAMHI,EQ,558380,275326,49.31
20,1930,SAMMAANCAP,EQ,10540814,4531500,42.99
20,1931,SAMPANN,EQ,50168,21220,42.30
20,1932,SANDESH,EQ,3305,1692,51.20
20,1933,SANDHAR,EQ,86756,44995,51.86
20,1934,SANDUMA,EQ,117116,69875,59.66
20,1935,SANGAMIND,EQ,21762,10134,46.57
20,1936,SANGANI,ST,69000,60000,86.96
20,1937,SANGHIIND,EQ,158919,98112,61.74
20,1938,SANGHVIMOV,EQ,514406,141880,27.58
20,1939,SANGINITA,EQ,82884,50549,60.99
20,1940,SANOFI,EQ,9043,4732,52.33
20,1941,SANOFICONR,EQ,8876,5678,63.97
20,1942,SANSERA,EQ,222111,142567,64.19
20,1943,SANSTAR,EQ,884023,314303,35.55
20,1944,SAPPHIRE,EQ,207889,112425,54.08
20,1945,SARDAEN,EQ,339099,123318,36.37
20,1946,SAREGAMA,EQ,643199,234911,36.52
20,1947,SARTELE,SM,137000,68500,50.00
20,1948,SARVESHWAR,EQ,4089590,2374608,58.06
20,1949,SASKEN,EQ,16616,7018,42.24
20,1950,SASTASUNDR,EQ,15256,8371,54.87
20,1951,SATECH,ST,66000,52000,78.79
20,1952,SATIA,EQ,299395,157704,52.67
20,1953,SATIN,EQ,465975,216225,46.40
20,1954,SATINDLTD,EQ,1305944,509358,39.00
20,1955,SAURASHCEM,EQ,91770,42068,45.84
20,1956,SBC,EQ,2557202,453994,17.75
20,1957,SBCL,EQ,143472,52344,36.48
20,1958,SBFC,EQ,2318299,940859,40.58
20,1959,SBGLP,EQ,1146857,454843,39.66
20,1960,SBICARD,EQ,824220,419062,50.84
20,1961,SBIETFCON,EQ,11901,9583,80.52
20,1962,SBIETFIT,EQ,9045,3526,38.98
20,1963,SBIETFPB,EQ,7476,6824,91.28
20,1964,SBIETFQLTY,EQ,5089,3996,78.52
20,1965,SBILIFE,EQ,2045293,1539331,75.26
20,1966,SBIN,EQ,11704698,5177944,44.24
20,1967,SBINEQWETF,EQ,21073,15555,73.81
20,1968,SBISILVER,EQ,65464,49509,75.63
20,1969,SCHAEFFLER,EQ,51353,28262,55.03
20,1970,SCHAND,EQ,45918,22096,48.12
20,1971,SCHNEIDER,EQ,177764,64850,36.48
20,1972,SCI,EQ,1510663,482926,31.97
20,1973,SCILAL,EQ,1159928,459880,39.65
20,1974,SCL24A,ZS,100,100,100.00
20,1975,SCLZC25F,Y5,7,7,100.00
20,1976,SCLZC26,NB,1,1,100.00
20,1977,SCLZC26C,NB,30,30,100.00
20,1978,SCML,SM,8000,8000,100.00
20,1979,SDBL,EQ,479829,233668,48.70
20,1980,SDL26BEES,EQ,3112,982,31.56
20,1981,SDREAMS,SM,95000,65000,68.42
20,1982,SEAMECLTD,EQ,23051,16596,72.00
20,1983,SECMARK,EQ,21337,9007,42.21
20,1984,SECURKLOUD,EQ,48299,19663,40.71
20,1985,SEJALLTD,EQ,15441,14657,94.92
20,1986,SEL,ST,400,400,100.00
20,1987,SELAN,EQ,33991,14839,43.66
20,1988,SENCO,EQ,208197,77812,37.37
20,1989,SENSEXADD,EQ,573,318,55.50
20,1990,SENSEXETF,EQ,11642,9068,77.89
20,1991,SENSEXIETF,EQ,2939,2092,71.18
20,1992,SEPC,EQ,11553711,4053624,35.09
20,1993,SERVICE,SM,8000,6000,75.00
20,1994,SERVOTECH,EQ,669378,313530,46.84
20,1995,SESHAPAPER,EQ,28907,15355,53.12
20,1996,SETF10GILT,EQ,117328,111239,94.81
20,1997,SETFGOLD,EQ,1943372,1619194,83.32
20,1998,SETFNIF50,EQ,660581,527741,79.89
20,1999,SETFNIFBK,EQ,69331,55799,80.48
20,2000,SETFNN50,EQ,41362,26097,63.09
20,2001,SFL,EQ,37109,22799,61.44
20,2002,SFLZC26A,ZC,190,190,100.00
20,2003,SGBAPR28I,GB,138,112,81.16
20,2004,SGBAUG27,GB,70,69,98.57
20,2005,SGBAUG28V,GB,348,282,81.03
20,2006,SGBAUG29V,GB,65,58,89.23
20,2007,SGBAUG30,GB,256,230,89.84
20,2008,SGBD29VIII,GB,39,24,61.54
20,2009,SGBDC27VII,GB,53,50,94.34
20,2010,SGBDE30III,GB,167,91,54.49
20,2011,SGBDE31III,GB,942,724,76.86
20,2012,SGBDEC25,GB,3,3,100.00
20,2013,SGBDEC2513,GB,1,1,100.00
20,2014,SGBDEC25XI,GB,1,1,100.00
20,2015,SGBFEB27,GB,25,20,80.00
20,2016,SGBFEB28IX,GB,1,1,100.00
20,2017,SGBFEB29XI,GB,37,21,56.76
20,2018,SGBFEB32IV,GB,693,548,79.08
20,2019,SGBJ28VIII,GB,6,2,33.33
20,2020,SGBJAN26,GB,7,7,100.00
20,2021,SGBJAN27,GB,3,3,100.00
20,2022,SGBJAN29IX,GB,207,181,87.44
20,2023,SGBJAN29X,GB,185,174,94.05
20,2024,SGBJAN30IX,GB,126,69,54.76
20,2025,SGBJU29III,GB,200,135,67.50
20,2026,SGBJUL25,GB,162,162,100.00
20,2027,SGBJUL27,GB,3,3,100.00
20,2028,SGBJUL28IV,GB,537,474,88.27
20,2029,SGBJUL29IV,GB,125,116,92.80
20,2030,SGBJUN28,GB,105,100,95.24
20,2031,SGBJUN29II,GB,112,108,96.43
20,2032,SGBJUN30,GB,57,57,100.00
20,2033,SGBJUN31I,GB,289,214,74.05
20,2034,SGBMAR25,GB,208,205,98.56
20,2035,SGBMAR28X,GB,55,54,98.18
20,2036,SGBMAR30X,GB,59,47,79.66
20,2037,SGBMAR31IV,GB,144,103,71.53
20,2038,SGBMAY25,GB,29,21,72.41
20,2039,SGBMAY26,GB,21,21,100.00
20,2040,SGBMAY28,GB,273,269,98.53
20,2041,SGBMAY29I,GB,160,154,96.25
20,2042,SGBMR29XII,GB,212,162,76.42
20,2043,SGBN28VIII,GB,138,106,76.81
20,2044,SGBNOV24,GB,286,250,87.41
20,2045,SGBNOV258,GB,9,6,66.67
20,2046,SGBNOV26,GB,17,17,100.00
20,2047,SGBNV29VII,GB,156,152,97.44
20,2048,SGBOC28VII,GB,516,330,63.95
20,2049,SGBOCT25IV,GB,5,3,60.00
20,2050,SGBOCT25V,GB,25,25,100.00
20,2051,SGBOCT27,GB,24,14,58.33
20,2052,SGBOCT27VI,GB,9,9,100.00
20,2053,SGBSEP27,GB,5,5,100.00
20,2054,SGBSEP28VI,GB,305,170,55.74
20,2055,SGBSEP29VI,GB,829,714,86.13
20,2056,SGBSEP31II,GB,1379,1164,84.41
20,2057,SGIL,EQ,20768,11365,54.72
20,2058,SHAILY,EQ,60901,21978,36.09
20,2059,SHALBY,EQ,30970,17767,57.37
20,2060,SHALPAINTS,EQ,64703,41769,64.55
20,2061,SHANKARA,EQ,70435,40018,56.82
20,2062,SHANTHALA,SM,2400,2400,100.00
20,2063,SHANTI,EQ,13256,12140,91.58
20,2064,SHANTIGEAR,EQ,22525,11454,50.85
20,2065,SHARDACROP,EQ,156896,55563,35.41
20,2066,SHARDAMOTR,EQ,12661,5629,44.46
20,2067,SHAREINDIA,EQ,498855,180241,36.13
20,2068,SHARIABEES,EQ,7022,5116,72.86
20,2069,SHEETAL,SM,16000,12000,75.00
20,2070,SHEMAROO,EQ,193687,46811,24.17
20,2071,SHERA,SM,417000,204000,48.92
20,2072,SHIGAN,SM,6000,4500,75.00
20,2073,SHILPAMED,EQ,136100,48123,35.36
20,2074,SHIVALIK,EQ,7873,3395,43.12
20,2075,SHIVAMILLS,EQ,21125,6534,30.93
20,2076,SHIVATEX,EQ,20931,10731,51.27
20,2077,SHK,EQ,279404,89886,32.17
20,2078,SHOPERSTOP,EQ,30761,17190,55.88
20,2079,SHREDIGCEM,EQ,196401,73582,37.47
20,2080,SHREECEM,EQ,6317,2039,32.28
20,2081,SHREEKARNI,SM,2400,1800,75.00
20,2082,SHREEOSFM,SM,22000,18000,81.82
20,2083,SHREYANIND,EQ,9938,6813,68.56
20,2084,SHREYAS,EQ,128386,64857,50.52
20,2085,SHRIPISTON,EQ,77038,32504,42.19
20,2086,SHRIRAMFIN,EQ,1876041,1060925,56.55
20,2087,SHRIRAMPPS,EQ,1489865,516843,34.69
20,2088,SHUBHLAXMI,ST,25000,21000,84.00
20,2089,SHUBHSHREE,ST,9600,8400,87.50
20,2090,SHYAMCENT,EQ,566910,255647,45.09
20,2091,SHYAMMETL,EQ,661739,403487,60.97
20,2092,SHYAMTEL,EQ,1860,1860,100.00
20,2093,SIDDHIKA,SM,3000,3000,100.00
20,2094,SIEMENS,EQ,274616,116053,42.26
20,2095,SIGACHI,EQ,673003,318520,47.33
20,2096,SIGIND,EQ,18629,9652,51.81
20,2097,SIGMA,EQ,3119,1762,56.49
20,2098,SIGNATURE,EQ,488691,129655,26.53
20,2099,SIGNORIA,SM,2000,2000,100.00
20,2100,SIGNPOST,EQ,36207,24962,68.94
20,2101,SIKKO,EQ,24033,14743,61.34
20,2102,SILGO,EQ,134568,62977,46.80
20,2103,SILINV,EQ,184641,74535,40.37
20,2104,SILKFLEX,ST,14000,14000,100.00
20,2105,SILLYMONKS,EQ,14720,9958,67.65
20,2106,SILVER,EQ,94855,67410,71.07
20,2107,SILVER1,EQ,99951,39174,39.19
20,2108,SILVERADD,EQ,29698,23710,79.84
20,2109,SILVERBEES,EQ,6990026,4716690,67.48
20,2110,SILVERETF,EQ,198784,109972,55.32
20,2111,SILVERIETF,EQ,1082946,927083,85.61
20,2112,SILVERTUC,EQ,19727,4199,21.29
20,2113,SILVRETF,EQ,13327,12047,90.40
20,2114,SINCLAIR,EQ,87530,45653,52.16
20,2115,SINDHUTRAD,EQ,2432398,719485,29.58
20,2116,SINTERCOM,EQ,14417,8084,56.07
20,2117,SIRCA,EQ,64164,38150,59.46
20,2118,SIS,EQ,61892,46968,75.89
20,2119,SIYSIL,EQ,115980,49448,42.63
20,2120,SJLOGISTIC,ST,16000,14000,87.50
20,2121,SJS,EQ,185978,75485,40.59
20,2122,SJVN,EQ,11128401,5256846,47.24
20,2123,SKFINDIA,EQ,56744,42673,75.20
20,2124,SKIPPER,EQ,739437,248454,33.60
20,2125,SKIPPERPP,E1,21346,20951,98.15
20,2126,SKMEGGPROD,EQ,54449,32589,59.85
20,2127,SKP,SM,14500,13000,89.66
20,2128,SLONE,SM,43200,41600,96.30
20,2129,SMALLCAP,EQ,876471,545123,62.20
20,2130,SMCGLOBAL,EQ,1182100,536449,45.38
20,2131,SMLISUZU,EQ,12941,6253,48.32
20,2132,SMLT,EQ,25563,13609,53.24
20,2133,SMSPHARMA,EQ,442067,185513,41.96
20,2134,SNOWMAN,EQ,556036,184342,33.15
20,2135,SOBHA,EQ,106101,29677,27.97
20,2136,SOBHAPP,E1,278,245,88.13
20,2137,SOFTTECH,EQ,7934,5633,71.00
20,2138,SOLARA,EQ,158329,82124,51.87
20,2139,SOLARAPP,E1,14615,9835,67.29
20,2140,SOLARINDS,EQ,44420,17262,38.86
20,2141,SOLEX,SM,21500,13000,60.47
20,2142,SOMANYCERA,EQ,12081,6282,52.00
20,2143,SOMATEX,EQ,130779,56510,43.21
20,2144,SONACOMS,EQ,1557380,1065269,68.40
20,2145,SONAMAC,SM,17000,14000,82.35
20,2146,SONATSOFTW,EQ,288604,104297,36.14
20,2147,SOTL,EQ,42392,18612,43.90
20,2148,SOUTHBANK,EQ,17460277,5593753,32.04
20,2149,SOUTHWEST,EQ,29388,24014,81.71
20,2150,SPAL,EQ,11947,4582,38.35
20,2151,SPANDANA,EQ,211923,104770,49.44
20,2152,SPARC,EQ,799445,215612,26.97
20,2153,SPCENET,EQ,4917562,2910170,59.18
20,2154,SPCL,SM,43200,25200,58.33
20,2155,SPECIALITY,EQ,40053,25734,64.25
20,2156,SPECTRUM,SM,7250,6125,84.48
20,2157,SPECTSTM,SM,12800,9600,75.00
20,2158,SPENCERS,EQ,330308,163289,49.44
20,2159,SPIC,EQ,549959,226618,41.21
20,2160,SPLIL,EQ,17938,7235,40.33
20,2161,SPLPETRO,EQ,40516,16897,41.70
20,2162,SPORTKING,EQ,214323,93451,43.60
20,2163,SPPPOLY,SM,56000,32000,57.14
20,2164,SPRL,ST,1600,1600,100.00
20,2165,SRD,EQ,200691,159235,79.34
20,2166,SREEL,EQ,5530,3077,55.64
20,2167,SRF,EQ,601744,302831,50.33
20,2168,SRGHFL,EQ,2798,1106,39.53
20,2169,SRHHYPOLTD,EQ,96924,29816,30.76
20,2170,SRIVASAVI,SM,26000,21000,80.77
20,2171,SRPL,EQ,6744914,4177957,61.94
20,2172,SSDL,EQ,84556,42425,50.17
20,2173,SSEGL,ST,65000,61000,93.85
20,2174,SSFL,ST,89500,69500,77.65
20,2175,SSWL,EQ,160501,73592,45.85
20,2176,STANLEY,EQ,68233,32358,47.42
20,2177,STAR,EQ,169602,78716,46.41
20,2178,STARCEMENT,EQ,103955,36014,34.64
20,2179,STARHEALTH,EQ,421998,301734,71.50
20,2180,STARPAPER,EQ,8594,5209,60.61
20,2181,STARTECK,EQ,2347,176,7.50
20,2182,STCINDIA,EQ,124075,25932,20.90
20,2183,STEELCAS,EQ,24825,12605,50.78
20,2184,STEELCITY,EQ,13838,7290,52.68
20,2185,STEELXIND,EQ,3114348,883402,28.37
20,2186,STERTOOLS,EQ,141444,53586,37.88
20,2187,STLTECH,EQ,2086779,734834,35.21
20,2188,STOVEKRAFT,EQ,81852,25167,30.75
20,2189,STYLAMIND,EQ,314003,172398,54.90
20,2190,STYLEBAAZA,EQ,145682,67369,46.24
20,2191,STYRENIX,EQ,20873,9726,46.60
20,2192,SUBEXLTD,EQ,1620339,669470,41.32
20,2193,SUBROS,EQ,34992,17715,50.63
20,2194,SUDARSCHEM,EQ,288015,112881,39.19
20,2195,SUKHJITS,EQ,28949,15342,53.00
20,2196,SULA,EQ,264370,146360,55.36
20,2197,SUMICHEM,EQ,376246,172499,45.85
20,2198,SUMMITSEC,EQ,15906,6727,42.29
20,2199,SUNCLAY,EQ,42528,23850,56.08
20,2200,SUNDARAM,EQ,1129456,660762,58.50
20,2201,SUNDARMFIN,EQ,158841,41467,26.11
20,2202,SUNDARMHLD,EQ,116658,58772,50.38
20,2203,SUNDRMFAST,EQ,28725,13543,47.15
20,2204,SUNFLAG,EQ,209016,104941,50.21
20,2205,SUNLITE,SM,96000,75600,78.75
20,2206,SUNPHARMA,EQ,1203693,687753,57.14
20,2207,SUNTECK,EQ,250817,92456,36.86
20,2208,SUNTV,EQ,465458,314027,67.47
20,2209,SUPERHOUSE,EQ,23467,8093,34.49
20,2210,SUPRAJIT,EQ,175921,101147,57.50
20,2211,SUPREMEIND,EQ,127453,80400,63.08
20,2212,SUPREMEPWR,ST,37000,36000,97.30
20,2213,SUPRIYA,EQ,108955,44126,40.50
20,2214,SURAJEST,EQ,742818,412820,55.57
20,2215,SURANAT&P,EQ,225868,108502,48.04
20,2216,SURANI,SM,9000,7200,80.00
20,2217,SURYALAXMI,EQ,17722,10681,60.27
20,2218,SURYAROSNI,EQ,262013,75618,28.86
20,2219,SURYODAY,EQ,171434,88531,51.64
20,2220,SUTLEJTEX,EQ,141017,53119,37.67
20,2221,SUVEN,EQ,257873,149886,58.12
20,2222,SUVENPHAR,EQ,445076,295565,66.41
20,2223,SUVIDHAA,EQ,134146,92474,68.94
20,2224,SUYOG,EQ,34494,17838,51.71
20,2225,SUZLON,EQ,36018706,17716974,49.19
20,2226,SVLL,EQ,28826,20373,70.68
20,2227,SVPGLOB,EQ,112398,65712,58.46
20,2228,SWANENERGY,EQ,859926,300916,34.99
20,2229,SWARAJ,ST,20000,18000,90.00
20,2230,SWARAJENG,EQ,21275,10681,50.20
20,2231,SWASTIK,SM,10800,3600,33.33
20,2232,SWELECTES,EQ,17019,7274,42.74
20,2233,SWSOLAR,EQ,2106640,969917,46.04
20,2234,SYLVANPLY,SM,34000,28000,82.35
20,2235,SYMPHONY,EQ,114325,31031,27.14
20,2236,SYNCOMF,EQ,2879687,1062961,36.91
20,2237,SYNGENE,EQ,252024,134832,53.50
20,2238,SYNOPTICS,SM,4200,3600,85.71
20,2239,SYRMA,EQ,676657,233453,34.50
20,2240,SYSTANGO,SM,22400,16400,73.21
20,2241,TAC,ST,72000,67200,93.33
20,2242,TAINWALCHM,EQ,4180,2062,49.33
20,2243,TAJGVK,EQ,65615,31754,48.39
20,2244,TAKE,EQ,206185,167246,81.11
20,2245,TALBROAUTO,EQ,85797,47273,55.10
20,2246,TANLA,EQ,988765,297262,30.06
20,2247,TARACHAND,EQ,14040,8806,62.72
20,2248,TARC,EQ,183783,101062,54.99
20,2249,TARMAT,EQ,30427,23178,76.18
20,2250,TARSONS,EQ,34375,21257,61.84
20,2251,TASTYBITE,EQ,3622,1344,37.11
20,2252,TATACHEM,EQ,2178864,494892,22.71
20,2253,TATACOMM,EQ,669944,245597,36.66
20,2254,TATACONSUM,EQ,953926,487717,51.13
20,2255,TATAELXSI,EQ,72674,28878,39.74
20,2256,TATAGOLD,EQ,4128463,3043389,73.72
20,2257,TATAINVEST,EQ,32299,10886,33.70
20,2258,TATAMOTORS,EQ,11527914,3245025,28.15
20,2259,TATAPOWER,EQ,11045862,4084972,36.98
20,2260,TATASTEEL,EQ,34750795,11231365,32.32
20,2261,TATATECH,EQ,809483,331299,40.93
20,2262,TATSILV,EQ,1767894,1232829,69.73
20,2263,TATVA,EQ,36790,15919,43.27
20,2264,TBI,ST,19200,13200,68.75
20,2265,TBOTEK,EQ,16206,9620,59.36
20,2266,TBZ,EQ,860624,285652,33.19
20,2267,TCHF30,NB,373,178,47.72
20,2268,TCI,EQ,66221,27811,42.00
20,2269,TCIEXP,EQ,19395,11063,57.04
20,2270,TCL,SM,32800,18400,56.10
20,2271,TCPLPACK,EQ,2333,1147,49.16
20,2272,TCS,EQ,2361000,1297484,54.95
20,2273,TDPOWERSYS,EQ,254556,101301,39.80
20,2274,TEAMLEASE,EQ,28380,20224,71.26
20,2275,TECH,EQ,10418,8245,79.14
20,2276,TECHERA,SM,644800,408000,63.28
20,2277,TECHLABS,SM,93500,51500,55.08
20,2278,TECHM,EQ,3119646,1578898,50.61
20,2279,TECHNOE,EQ,103746,58966,56.84
20,2280,TEGA,EQ,21534,7323,34.01
20,2281,TEJASNET,EQ,2623188,602983,22.99
20,2282,TERASOFT,EQ,91993,45261,49.20
20,2283,TEXINFRA,EQ,173614,75428,43.45
20,2284,TEXMOPIPES,EQ,139274,94082,67.55
20,2285,TEXRAIL,EQ,2175553,760594,34.96
20,2286,TFCILTD,EQ,435134,193546,44.48
20,2287,TGBHOTELS,EQ,28054,15238,54.32
20,2288,TGL,ST,28800,27600,95.83
20,2289,THANGAMAYL,EQ,37216,15497,41.64
20,2290,THEINVEST,EQ,31862,9157,28.74
20,2291,THEJO,EQ,15945,8401,52.69
20,2292,THEMISMED,EQ,74978,23685,31.59
20,2293,THERMAX,EQ,33785,13752,40.70
20,2294,THESL,SM,60000,51000,85.00
20,2295,THOMASCOOK,EQ,796411,499568,62.73
20,2296,THOMASCOTT,EQ,22644,19920,87.97
20,2297,THYROCARE,EQ,39899,21319,53.43
20,2298,TI,EQ,598059,170138,28.45
20,2299,TIIL,EQ,10394,5226,50.28
20,2300,TIINDIA,EQ,89545,48922,54.63
20,2301,TIMESCAN,SM,6000,6000,100.00
20,2302,TIMESGTY,EQ,17269,3410,19.75
20,2303,TIMETECHNO,EQ,1081512,348522,32.23
20,2304,TIMKEN,EQ,102549,55504,54.12
20,2305,TIPSFILMS,EQ,9081,6028,66.38
20,2306,TIPSMUSIC,EQ,529935,189060,35.68
20,2307,TIRUMALCHM,EQ,192702,78407,40.69
20,2308,TIRUPATI,SM,1000,1000,100.00
20,2309,TITAGARH,EQ,3334370,679229,20.37
20,2310,TITAN,EQ,1249585,441626,35.34
20,2311,TMB,EQ,60692,33227,54.75
20,2312,TNIDETF,EQ,85049,67876,79.81
20,2313,TNPETRO,EQ,158170,87507,55.32
20,2314,TNPL,EQ,165588,108829,65.72
20,2315,TNTELE,EQ,21451,15060,70.21
20,2316,TOKYOPLAST,EQ,2965,2028,68.40
20,2317,TOLINS,EQ,55603,31344,56.37
20,2318,TOP100CASE,EQ,259204,210064,81.04
20,2319,TOP10ADD,EQ,79830,76107,95.34
20,2320,TORNTPHARM,EQ,187099,87212,46.61
20,2321,TORNTPOWER,EQ,739060,231821,31.37
20,2322,TOTAL,EQ,24537,8292,33.79
20,2323,TOUCHWOOD,EQ,996,584,58.63
20,2324,TRACXN,EQ,570008,176275,30.93
20,2325,TRANSTEEL,SM,60000,34000,56.67
20,2326,TREL,EQ,271040,142280,52.49
20,2327,TRENT,EQ,571161,332873,58.28
20,2328,TRF,EQ,46804,34062,72.78
20,2329,TRIDENT,EQ,4503465,1414393,31.41
20,2330,TRIDHYA,SM,573000,177000,30.89
20,2331,TRIGYN,EQ,55865,26179,46.86
20,2332,TRITURBINE,EQ,1618018,460569,28.47
20,2333,TRIVENI,EQ,605796,259380,42.82
20,2334,TROM,SM,28800,19200,66.67
20,2335,TRUST,SM,27600,25200,91.30
20,2336,TTKHLTCARE,EQ,5474,3604,65.84
20,2337,TTKPRESTIG,EQ,34895,14076,40.34
20,2338,TTL,EQ,12470,4697,37.67
20,2339,TTML,EQ,4232553,771032,18.22
20,2340,TUNWAL,SM,88000,60000,68.18
20,2341,TVSHLTD,EQ,4527,1971,43.54
20,2342,TVSMOTOR,EQ,570397,186924,32.77
20,2343,TVSSCS,EQ,527031,237977,45.15
20,2344,TVSSRICHAK,EQ,1536,829,53.97
20,2345,TVTODAY,EQ,71687,38875,54.23
20,2346,UBL,EQ,182227,120990,66.40
20,2347,UCAL,EQ,14770,7217,48.86
20,2348,UCL,SM,2000,2000,100.00
20,2349,UCOBANK,EQ,4760112,1277168,26.83
20,2350,UDAICEMENT,EQ,220156,135038,61.34
20,2351,UDS,EQ,104961,48648,46.35
20,2352,UFLEX,EQ,107888,42798,39.67
20,2353,UFO,EQ,86995,45005,51.73
20,2354,UGARSUGAR,EQ,111141,35572,32.01
20,2355,UGROCAP,EQ,177280,71206,40.17
20,2356,UJJIVANSFB,EQ,6386372,3364524,52.68
20,2357,ULTRACEMCO,EQ,330703,200964,60.77
20,2358,UMESLTD,EQ,26834,20382,75.96
20,2359,UNICHEMLAB,EQ,14791,6864,46.41
20,2360,UNIDT,EQ,7713,3872,50.20
20,2361,UNIECOM,EQ,678982,207316,30.53
20,2362,UNIENTER,EQ,6322,2422,38.31
20,2363,UNIHEALTH,SM,5000,3000,60.00
20,2364,UNIINFO,EQ,28068,13016,46.37
20,2365,UNILEX,SM,14400,14400,100.00
20,2366,UNIONBANK,EQ,11285455,4858181,43.05
20,2367,UNIPARTS,EQ,20410,10577,51.82
20,2368,UNITDSPR,EQ,709462,441466,62.23
20,2369,UNITEDTEA,EQ,6772,3191,47.12
20,2370,UNIVASTU,EQ,259819,117322,45.16
20,2371,UNIVCABLES,EQ,20831,9470,45.46
20,2372,UNIVPHOTO,EQ,429,194,45.22
20,2373,UNOMINDA,EQ,921425,661117,71.75
20,2374,UPL,EQ,1402020,480988,34.31
20,2375,URBAN,ST,3200,3200,100.00
20,2376,URJA,EQ,1665569,712706,42.79
20,2377,USASEEDS,SM,900,600,66.67
20,2378,USHAMART,EQ,1734058,498179,28.73
20,2379,UTIAMC,EQ,218898,69762,31.87
20,2380,UTIBANKETF,EQ,462767,422759,91.35
20,2381,UTINEXT50,EQ,121039,64381,53.19
20,2382,UTINIFTETF,EQ,146876,135275,92.10
20,2383,UTISENSETF,EQ,1886,1222,64.79
20,2384,UTISXN50,EQ,3113,2204,70.80
20,2385,UTKARSHBNK,EQ,1405524,615660,43.80
20,2386,UTSSAV,ST,67200,61200,91.07
20,2387,UTTAMSUGAR,EQ,97222,34233,35.21
20,2388,UWCSL,SM,2000,2000,100.00
20,2389,UYFINCORP,EQ,1777456,606685,34.13
20,2390,VADILALIND,EQ,4206,2036,48.41
20,2391,VAIBHAVGBL,EQ,285558,123917,43.39
20,2392,VAKRANGEE,EQ,17084061,8210988,48.06
20,2393,VALIANTLAB,EQ,53868,16635,30.88
20,2394,VALIANTORG,EQ,61979,26525,42.80
20,2395,VARDHACRLC,EQ,35285,17487,49.56
20,2396,VARROC,EQ,227274,100446,44.20
20,2397,VASCONEQ,EQ,775816,407369,52.51
20,2398,VBL,EQ,4908521,2656348,54.12
20,2399,VDEAL,SM,14400,8400,58.33
20,2400,VEDL,EQ,10334732,4327907,41.88
20,2401,VEEDOL,EQ,14956,7521,50.29
20,2402,VEEKAYEM,ST,1000,1000,100.00
20,2403,VELS,SM,1200,1200,100.00
20,2404,VENKEYS,EQ,65978,37505,56.84
20,2405,VENUSPIPES,EQ,96362,58587,60.80
20,2406,VENUSREM,EQ,14084,8659,61.48
20,2407,VERANDA,EQ,216854,148428,68.45
20,2408,VERITAAS,SM,10800,10800,100.00
20,2409,VERTEXPLUS,SM,2400,2400,100.00
20,2410,VERTOZ,EQ,12946278,3806453,29.40
20,2411,VESUVIUS,EQ,13765,6173,44.85
20,2412,VGUARD,EQ,161637,49507,30.63
20,2413,VHL,EQ,6593,3584,54.36
20,2414,VIAZ,SM,12000,8000,66.67
20,2415,VIDHIING,EQ,9515,5240,55.07
20,2416,VIESL,SM,185600,161600,87.07
20,2417,VIJAYA,EQ,268981,69156,25.71
20,2418,VIJIFIN,EQ,126544,105481,83.36
20,2419,VIKASECO,EQ,3054368,1431728,46.87
20,2420,VIKASLIFE,EQ,6459551,3778274,58.49
20,2421,VILAS,SM,106000,71000,66.98
20,2422,VILINBIO,SM,32000,20000,62.50
20,2423,VIMTALABS,EQ,22649,13787,60.87
20,2424,VINATIORGA,EQ,28264,18283,64.69
20,2425,VINCOFE,EQ,1447894,981024,67.76
20,2426,VINDHYATEL,EQ,16261,10363,63.73
20,2427,VINEETLAB,EQ,23397,14165,60.54
20,2428,VINSYS,SM,14000,8500,60.71
20,2429,VINYAS,ST,2400,2400,100.00
20,2430,VINYLINDIA,EQ,11897,5608,47.14
20,2431,VIPIND,EQ,432455,159167,36.81
20,2432,VIRINCHI,EQ,129838,70636,54.40
20,2433,VISAKAIND,EQ,264991,105542,39.83
20,2434,VISAMAN,SM,3000,3000,100.00
20,2435,VISHNU,EQ,186584,103757,55.61
20,2436,VISHNUINFR,ST,5000,3000,60.00
20,2437,VISHWARAJ,EQ,1351320,596072,44.11
20,2438,VISHWAS,SM,12800,11200,87.50
20,2439,VITAL,SM,14400,12000,83.33
20,2440,VIVIANA,ST,7500,7000,93.33
20,2441,VIVIDHA,EQ,559390,281201,50.27
20,2442,VLINFRA,ST,9000,9000,100.00
20,2443,VLSFINANCE,EQ,94525,42415,44.87
20,2444,VMARCIND,ST,19000,19000,100.00
20,2445,VMART,EQ,52134,39898,76.53
20,2446,VOLTAMP,EQ,27167,14605,53.76
20,2447,VOLTAS,EQ,1635928,907292,55.46
20,2448,VPRPL,EQ,9601404,1901361,19.80
20,2449,VR,ST,4800,4800,100.00
20,2450,VRAJ,EQ,135044,53347,39.50
20,2451,VRLLOG,EQ,60877,35723,58.68
20,2452,VSCL,SM,6000,6000,100.00
20,2453,VSSL,EQ,72244,37266,51.58
20,2454,VSTIND,EQ,178399,79877,44.77
20,2455,VSTL,EQ,51962,24807,47.74
20,2456,VSTTILLERS,EQ,2413,1475,61.13
20,2457,VTL,EQ,123807,49932,40.33
20,2458,WABAG,EQ,1894092,1138994,60.13
20,2459,WALCHANNAG,EQ,261603,140709,53.79
20,2460,WCIL,EQ,473648,136352,28.79
20,2461,WEBELSOLAR,EQ,385393,168787,43.80
20,2462,WEIZMANIND,EQ,97154,34064,35.06
20,2463,WEL,EQ,19442,10222,52.58
20,2464,WELCORP,EQ,396985,181165,45.64
20,2465,WELENT,EQ,170433,87398,51.28
20,2466,WELINV,EQ,1351,1056,78.16
20,2467,WELSPUNLIV,EQ,4909028,1848296,37.65
20,2468,WENDT,EQ,254,145,57.09
20,2469,WESTLIFE,EQ,20073,7863,39.17
20,2470,WEWIN,EQ,6796,4989,73.41
20,2471,WHEELS,EQ,31257,13219,42.29
20,2472,WHIRLPOOL,EQ,197269,146266,74.15
20,2473,WILLAMAGOR,EQ,38990,7385,18.94
20,2474,WINDLAS,EQ,40602,25017,61.62
20,2475,WINDMACHIN,EQ,458518,279082,60.87
20,2476,WINNY,SM,2000,1000,50.00
20,2477,WINSOL,SM,8000,6400,80.00
20,2478,WIPL,EQ,3109,1831,58.89
20,2479,WIPRO,EQ,37326527,9797097,26.25
20,2480,WOCKPHARMA,EQ,372286,162964,43.77
20,2481,WOL3D,SM,12000,10000,83.33
20,2482,WOMANCART,ST,1600,1600,100.00
20,2483,WONDERLA,EQ,36130,13202,36.54
20,2484,WORTH,EQ,45039,9836,21.84
20,2485,WSI,EQ,79248,46479,58.65
20,2486,WSTCSTPAPR,EQ,71381,36737,51.47
20,2487,WTICAB,SM,28000,21000,75.00
20,2488,XCHANGING,EQ,122507,68447,55.87
20,2489,XPROINDIA,EQ,20492,12058,58.84
20,2490,XTGLOBAL,EQ,122306,35543,29.06
20,2491,YAARI,EQ,737498,383246,51.97
20,2492,YASHO,EQ,7259,4338,59.76
20,2493,YASHOPTICS,SM,20800,16000,76.92
20,2494,YATHARTH,EQ,278318,80383,28.88
20,2495,YATRA,EQ,313695,251307,80.11
20,2496,YCCL,SM,6000,6000,100.00
20,2497,YESBANK,EQ,57339193,22809679,39.78
20,2498,YUDIZ,SM,8800,6400,72.73
20,2499,YUKEN,EQ,8062,5866,72.76
20,2500,ZEAL,SM,1800,1200,66.67
20,2501,ZEEL,EQ,41149717,8123204,19.74
20,2502,ZEELEARN,EQ,3368284,1067867,31.70
20,2503,ZENITHDRUG,ST,36800,30400,82.61
20,2504,ZENSARTECH,EQ,350811,185079,52.76
20,2505,ZENTEC,EQ,302509,103817,34.32
20,2506,ZFCVINDIA,EQ,14544,7273,50.01
20,2507,ZIMLAB,EQ,66624,40756,61.17
20,2508,ZODIACLOTH,EQ,3830,2235,58.36
20,2509,ZOMATO,EQ,108015952,55282833,51.18
20,2510,ZOTA,EQ,20161,18112,89.84
20,2511,ZTECH,ST,14400,14400,100.00
20,2512,ZUARI,EQ,103058,50178,48.69
20,2513,ZUARIIND,EQ,62463,37301,59.72
20,2514,ZYDUSLIFE,EQ,1368450,678743,49.60
20,2515,ZYDUSWELL,EQ,13439,6174,45.94
